2 1 1 1834 2 
0.0625698
0.0646297
0.0627824
0.064223
0.0664835
0.065727
0.0708644
0.0719098
0.063065
0.062958
0.0645662
0.0681444
0.0696087
0.0658779
0.0673353
0.0713032
0.0701336
0.0727358
0.0733418
0.0723299
0.0651416
0.0669911
0.0659131
0.0632836
0.0631447
0.0646031
0.0664119
0.0689341
0.0677463
0.0718163
0.070577
0.0730746
0.0737303
0.0736487
0.0727016
0.0647398
0.0686377
0.0700698
0.0712699
0.0675779
0.0663997
0.0634729
0.063324
0.0648792
0.0661409
0.0676687
0.0679503
0.0697402
0.072387
0.0714333
0.0734575
0.0738733
0.0739526
0.0738984
0.073828
0.0722512
0.0735279
0.073001
0.0731332
0.0651032
0.0717866
0.0692821
0.0705879
0.0683952
0.0675246
0.0636677
0.0635074
0.0651354
0.0674148
0.068676
0.0696287
0.0708113
0.0727722
0.0718688
0.0739744
0.0740266
0.0741456
0.0743487
0.0740316
0.0738068
0.0726488
0.0723255
0.0733615
0.0734434
0.0732087
0.0740134
0.0651414
0.0666979
0.0710251
0.0697899
0.0693102
0.071614
0.0682141
0.0692886
0.0638654
0.0636916
0.0652294
0.0667548
0.0674802
0.0700041
0.0690448
0.0712677
0.0708245
0.072541
0.0743628
0.0742547
0.0745203
0.0741303
0.072575
0.0736838
0.0730976
0.0738817
0.0736379
0.074368
0.0670368
0.0654392
0.0705797
0.0720161
0.0701387
0.0692409
0.0640775
0.0638777
0.0654772
0.0680011
0.0688289
0.069986
0.0716633
0.071185
0.0733207
0.0746491
0.0744575
0.0741911
0.0747274
0.0731227
0.0737382
0.0741102
0.074289
0.0741516
0.0746984
0.0690136
0.066934
0.0725951
0.071333
0.0702905
0.0710631
0.064287
0.064067
0.0739872
0.0655433
0.0681616
0.0693833
0.0703368
0.0723721
0.0718109
0.0733777
0.0749034
0.0746327
0.0748988
0.0729368
0.073623
0.0744932
0.0746734
0.0750964
0.0685685
0.0670443
0.0721322
0.0706822
0.071712
0.0644931
0.0642472
0.0745766
0.0741857
0.0671156
0.065778
0.0690576
0.0703645
0.071395
0.0728699
0.0741679
0.0735805
0.0751663
0.075057
0.073563
0.0742984
0.0748328
0.0750164
0.0753235
0.07509
0.0684415
0.0699787
0.0673704
0.0731328
0.0726109
0.0716984
0.0646719
0.0661723
0.0644305
0.0723626
0.0747
0.0751118
0.067813
0.0665662
0.0699337
0.0713006
0.0745602
0.0737553
0.0753315
0.0751674
0.074045
0.074959
0.0753405
0.0755355
0.075526
0.0687943
0.0709782
0.0677826
0.0734415
0.0726385
0.0648858
0.0664957
0.064627
0.0732539
0.0723712
0.0751423
0.0667671
0.0686901
0.0684855
0.0701962
0.0717096
0.0749275
0.074081
0.0754726
0.0750625
0.0745351
0.0758126
0.0757262
0.0757333
0.0759004
0.0719108
0.0713992
0.0698565
0.0684927
0.074161
0.0734949
0.0651013
0.0672389
0.0648265
0.0730113
0.0650061
0.0755611
0.0669506
0.0688954
0.0706253
0.0704176
0.0718924
0.0743013
0.0751707
0.075461
0.0748106
0.0760953
0.0758049
0.076152
0.0759516
0.0727604
0.0708566
0.0723267
0.0692003
0.0740398
0.0652961
0.0674723
0.0671454
0.0732836
0.0651965
0.0673525
0.0762934
0.0758832
0.0690883
0.0708141
0.0721599
0.0744931
0.0753854
0.0750001
0.0753493
0.0758052
0.0763237
0.0761018
0.073555
0.0711027
0.0725686
0.0694027
0.0745438
0.0655269
0.0677074
0.0693235
0.0734448
0.0653964
0.0675555
0.0695287
0.0764912
0.0764808
0.0761508
0.0710661
0.0723716
0.0736143
0.0746828
0.0756068
0.0753803
0.0760498
0.0763264
0.0737989
0.0728105
0.0713052
0.0696556
0.074462
0.0747803
0.0657436
0.0679238
0.0712555
0.0705494
0.0655941
0.0677654
0.0697632
0.0765564
0.0767185
0.0766541
0.0763323
0.0725827
0.0738902
0.0749086
0.0758336
0.0727997
0.0756854
0.0762853
0.076466
0.0740901
0.0730476
0.0715766
0.0698586
0.0750928
0.0659585
0.0681491
0.070105
0.0715262
0.0729808
0.0657839
0.0679901
0.0716998
0.0699651
0.0767879
0.0769493
0.0768824
0.0765979
0.0740574
0.0751288
0.0760561
0.0742775
0.0737935
0.0760124
0.0766601
0.0742739
0.0738274
0.0733318
0.0717873
0.0711225
0.0754297
0.0661875
0.0683884
0.0703567
0.0732505
0.0660036
0.0682077
0.0719373
0.0701994
0.0770209
0.0771756
0.0770546
0.0774023
0.0768249
0.0753577
0.0762802
0.0749878
0.0745546
0.074059
0.0768468
0.0762392
0.0745729
0.0735217
0.0721012
0.0756257
0.0664232
0.0686084
0.0705748
0.0735117
0.0666263
0.0662187
0.0684042
0.0721666
0.0703966
0.0772557
0.0770674
0.0774423
0.0772214
0.0775789
0.0770077
0.0764968
0.0752647
0.0756484
0.0748325
0.0765669
0.0723
0.074816
0.0737734
0.0758089
0.0688602
0.0708174
0.073696
0.0690748
0.0668747
0.0738798
0.066411
0.0686151
0.0723524
0.070621
0.0773633
0.076984
0.0776051
0.0775502
0.0777443
0.0772736
0.0767265
0.0750002
0.0759333
0.0765668
0.0725863
0.0760096
0.0739778
0.0750009
0.0710725
0.0751788
0.0693204
0.0670978
0.073304
0.0746972
0.0666076
0.0688499
0.0708392
0.0726509
0.0773511
0.076953
0.0778224
0.0779822
0.0777807
0.0780852
0.0774519
0.0769502
0.076123
0.0727944
0.0762184
0.0742752
0.0752566
0.0737033
0.0713227
0.0763114
0.0754592
0.0673234
0.0695868
0.0742058
0.0728372
0.0668385
0.069072
0.0710794
0.0771471
0.0776868
0.0781722
0.0779994
0.0782511
0.0777166
0.0771755
0.0730814
0.0764641
0.075058
0.0754901
0.0745686
0.0715803
0.0773814
0.0765429
0.0756931
0.0698235
0.067591
0.0743817
0.0751991
0.073081
0.0670609
0.0693074
0.0713283
0.0773531
0.0780107
0.0784043
0.0784008
0.0782193
0.0779393
0.0735545
0.0733015
0.0747737
0.076718
0.075976
0.0758017
0.0718247
0.0781098
0.0776119
0.0763907
0.0767587
0.0700708
0.0678229
0.0759721
0.0746621
0.0733179
0.0672902
0.0695178
0.0715377
0.0776724
0.0782392
0.0786428
0.0786225
0.0784855
0.0785267
0.0737886
0.0750404
0.0762502
0.0769596
0.0720899
0.0783731
0.0778342
0.0770506
0.0703423
0.0680675
0.0761464
0.0748588
0.0735247
0.0674995
0.0697443
0.0717764
0.0778732
0.0785164
0.0788694
0.0788379
0.0788713
0.0740923
0.0753545
0.0764446
0.0772017
0.0723513
0.0743302
0.0773673
0.0785446
0.078057
0.0705944
0.0683191
0.0763206
0.0750955
0.0677225
0.0738121
0.0719814
0.069983
0.0790818
0.0780635
0.0787054
0.0791746
0.0790685
0.075818
0.075558
0.0767608
0.0774555
0.0726214
0.0736778
0.0752808
0.0766144
0.0776068
0.0782717
0.0787968
0.0685617
0.0708972
0.0759224
0.0753818
0.0766712
0.0702207
0.0679461
0.0740571
0.0722746
0.079235
0.0793898
0.0783845
0.0789768
0.0792774
0.0769661
0.0776937
0.0773865
0.074673
0.0729224
0.0761469
0.0773438
0.0778239
0.0784793
0.0790893
0.0793956
0.0688419
0.0711532
0.0768497
0.0755783
0.0780586
0.0704594
0.0681817
0.0758372
0.0742877
0.0725229
0.0795972
0.0795935
0.0786246
0.0791616
0.0780201
0.0793237
0.078268
0.0749086
0.0731844
0.0763697
0.0775464
0.0787056
0.0792858
0.0795768
0.0797913
0.0691138
0.0714456
0.0770355
0.0777126
0.0760787
0.0789107
0.0773549
0.0784964
0.0707155
0.0684146
0.0745643
0.0727666
0.0797528
0.0795128
0.0789512
0.0785289
0.0799026
0.0751638
0.0734881
0.0766569
0.0778841
0.0794933
0.0797942
0.0799851
0.069383
0.0737321
0.0717162
0.0762964
0.0775418
0.0799027
0.0791367
0.0785228
0.0686512
0.0709527
0.0747822
0.0730217
0.0797324
0.0787784
0.0792478
0.0799289
0.0801101
0.0769324
0.0755089
0.0780909
0.0801675
0.0799686
0.0696545
0.0740124
0.0720094
0.0757259
0.0782181
0.0771385
0.0801485
0.0797943
0.0793425
0.0788205
0.0732666
0.0688775
0.0712367
0.0750957
0.0802973
0.0788487
0.0795754
0.0801564
0.0794435
0.0758388
0.0772429
0.0783608
0.0803507
0.0804753
0.0699294
0.0722807
0.0743398
0.0766807
0.0779364
0.0803319
0.0800558
0.0795439
0.0790674
0.0735496
0.069136
0.0714569
0.0753728
0.0803646
0.0761316
0.0792961
0.0798848
0.0776017
0.0786665
0.0806489
0.0805919
0.0702175
0.072565
0.0746559
0.0769088
0.0781324
0.0804694
0.0797497
0.0802379
0.0793313
0.0693512
0.0737992
0.0716973
0.0756682
0.0801174
0.0805577
0.0778316
0.0764043
0.0795672
0.080046
0.0789695
0.0808041
0.0807398
0.0704599
0.0728651
0.0749308
0.0766804
0.080139
0.0777227
0.0772551
0.0784936
0.0806214
0.0800422
0.0804528
0.0795891
0.0695597
0.0719527
0.0759686
0.0741048
0.0807435
0.0804224
0.077631
0.078111
0.0799432
0.0803891
0.0792704
0.0808845
0.0809172
0.0808534
0.0731358
0.0707586
0.0752772
0.0770655
0.0775088
0.0787199
0.0807244
0.080069
0.0804143
0.0806664
0.0798366
0.0697918
0.0721695
0.0743542
0.077798
0.0762923
0.080743
0.0785196
0.080324
0.0795719
0.0810271
0.0810183
0.0809459
0.0811259
0.0755905
0.0710027
0.0734479
0.0767364
0.0773678
0.0789363
0.0790466
0.080991
0.0808243
0.0803973
0.0806765
0.0800936
0.0699668
0.0723783
0.0746064
0.0793311
0.0782292
0.0766114
0.0810634
0.0806221
0.0799478
0.0812473
0.0811515
0.0792428
0.0759339
0.0737425
0.0712826
0.0778476
0.0805347
0.0810227
0.0809063
0.0806088
0.0808041
0.0804315
0.0725656
0.0701228
0.0748763
0.079723
0.0785545
0.0769645
0.0812555
0.0810478
0.0803959
0.0813858
0.0812196
0.079669
0.0762209
0.0740143
0.0715244
0.078161
0.0780989
0.081015
0.0809056
0.0808882
0.0808377
0.0808209
0.0727377
0.0702378
0.0751829
0.0801783
0.0792043
0.0773868
0.0814649
0.0814031
0.0808242
0.0815156
0.0811933
0.0801342
0.0765871
0.0742382
0.0717253
0.0786223
0.080862
0.0809374
0.0808721
0.0809699
0.0811657
0.0813571
0.0702788
0.0728398
0.0754003
0.0796164
0.080873
0.077763
0.0818251
0.0817776
0.0812983
0.0816664
0.0815875
0.0810801
0.0806543
0.0768503
0.0744418
0.0718951
0.0789889
0.0806582
0.0807609
0.0819212
0.080991
0.0813818
0.0818368
0.0815255
0.070222
0.0728615
0.0756216
0.0801566
0.0781938
0.0719667
0.0821603
0.0820879
0.0821524
0.0816317
0.0807706
0.08111
0.0771199
0.0745819
0.079458
0.0804233
0.0806243
0.0822823
0.0809759
0.0816169
0.0823863
0.0821584
0.070019
0.0727674
0.0757866
0.0785957
0.0810662
0.0719762
0.0800731
0.0826205
0.0826897
0.0804735
0.081666
0.0819077
0.0746522
0.077444
0.0800334
0.0804163
0.0826334
0.0809035
0.080017
0.0820856
0.0831819
0.0834221
0.0696293
0.0724961
0.0758877
0.0792747
0.081978
0.0718439
0.0794374
0.0834106
0.0832459
0.0829682
0.0800729
0.0816013
0.0827429
0.0805179
0.0746178
0.0776473
0.0689631
0.0807626
0.0794086
0.0824417
0.0841538
0.0844161
0.0720308
0.0831575
0.075945
0.0799642
0.0715147
0.0785183
0.084029
0.0839525
0.0833943
0.0794426
0.0814809
0.0811219
0.0837681
0.0743924
0.077824
0.0785583
0.067933
0.0712624
0.0804701
0.0828299
0.0860351
0.0854656
0.0846731
0.0757746
0.0806002
0.0709207
0.0787137
0.0772746
0.0848479
0.0853513
0.0838906
0.0810719
0.0868108
0.0852743
0.0819128
0.0739442
0.0778629
0.0881432
0.0800221
0.077376
0.0755522
0.0663926
0.0700363
0.0833487
0.0872368
0.086554
0.0817283
0.0699687
0.0777147
0.0754924
0.0859738
0.0846037
0.0807235
0.0865344
0.0882491
0.0829626
0.0779122
0.0732207
0.0903159
0.0795712
0.0757126
0.0642885
0.0750287
0.0679509
0.0841056
0.0894203
0.0885886
0.0828277
0.0730763
0.0684622
0.0760319
0.08027
0.0879218
0.0853638
0.0913192
0.0886655
0.0839888
0.077724
0.0719721
0.0930013
0.0734111
0.0789478
0.0608421
0.0841488
0.0741214
0.0655798
0.0850438
0.0924416
0.0925956
0.0738088
0.0697695
0.066264
0.0782118
0.0793806
0.0899436
0.0864451
0.0937759
0.0952262
0.0913553
0.0702417
0.084988
0.0771601
0.0960996
0.0706351
0.0772745
0.0566028
0.0618874
0.0857006
0.0726136
0.0861328
0.096821
0.100173
0.098143
0.0706316
0.0650713
0.0631022
0.0674763
0.0766914
0.0876011
0.0940736
0.0992486
0.0952255
0.0867346
0.0763483
0.10124
0.0816776
0.0708231
0.0564553
0.050997
0.0697187
0.0955987
0.0861461
0.0888991
0.0978668
0.100986
0.0664603
0.061217
0.0634917
0.0639586
0.0586035
0.0745711
0.0894698
0.0744043
0.0998345
0.103426
0.0987946
0.08897
0.074241
0.0800491
0.0585809
0.0780791
0.0442748
0.0623794
0.0486258
0.0877585
0.0826413
0.0872339
0.0878149
0.0705899
0.0605214
0.0562416
0.0535533
0.0719657
0.0582165
0.0990258
0.0873781
0.102911
0.10059
0.0880905
0.0744889
0.0690829
0.0521559
0.0381336
0.0628039
0.0411919
0.0498204
0.0669645
0.0683985
0.0738451
0.0706939
0.0602035
0.0526564
0.0456657
0.046525
0.0645833
0.0507352
0.0801566
0.0871755
0.0852819
0.0869059
0.0759573
0.0551041
0.0501472
0.0510977
0.044558
0.0338184
0.0353614
0.0449682
0.0381588
0.047227
0.0503743
0.0523383
0.0634659
0.0445045
0.0398029
0.0400512
0.0515923
0.0432021
0.0699882
0.0713891
0.0588141
0.0653859
0.0619196
0.0410829
0.0394903
0.0393789
0.0380578
0.0314678
0.0323138
0.0337556
0.0366816
0.0345337
0.0361905
0.0419103
0.046313
0.0369251
0.0362419
0.0354464
0.0400159
0.0370989
0.0499468
0.0452327
0.0468951
0.0450613
0.0358649
0.0318742
0.0351133
0.0349523
0.0352618
0.0338134
0.0303895
0.0308585
0.031369
0.0335241
0.0321088
0.0338385
0.0379161
0.0362789
0.0348455
0.034529
0.0373613
0.034958
0.0330637
0.0339043
0.0383157
0.0375518
0.036479
0.0352949
0.0331842
0.0333591
0.0339263
0.0332594
0.0298721
0.0303932
0.0308929
0.0319077
0.0314604
0.0329732
0.0337909
0.0350066
0.0346535
0.0341538
0.0348237
0.0329195
0.0336531
0.0322244
0.0348672
0.034446
0.0343111
0.0324036
0.0326538
0.0334181
0.032073
0.0297384
0.0330401
0.0302229
0.0307043
0.0311958
0.0316406
0.0326928
0.0338267
0.0334604
0.0341506
0.0339681
0.0340711
0.0339813
0.0325985
0.0331342
0.0320105
0.0339032
0.0335245
0.0338156
0.0323883
0.0337872
0.0332462
0.0319486
0.0337767
0.0296957
0.0301722
0.0329475
0.0306413
0.0310916
0.0315183
0.0322865
0.0326184
0.0336311
0.0334437
0.0338908
0.0338086
0.033897
0.0325107
0.032979
0.0319571
0.0337919
0.0333598
0.0336207
0.0336212
0.0312904
0.0332113
0.0319056
0.0337132
0.0338282
0.0296873
0.0306258
0.030165
0.0329369
0.0326236
0.0310685
0.0314923
0.0322725
0.0336496
0.0334857
0.0338675
0.0338609
0.0329969
0.0325428
0.0319899
0.0337425
0.0335325
0.0333614
0.0338511
0.0332291
0.0318958
0.0332543
0.0338746
0.0338122
0.0296951
0.0310764
0.0306334
0.0301729
0.0329652
0.0326404
0.0315019
0.031906
0.032292
0.0337113
0.0335276
0.0339206
0.0320579
0.0330631
0.0326183
0.0336915
0.0334361
0.0339074
0.033757
0.0332826
0.0338595
0.0339529
0.0315174
0.0301848
0.0297083
0.0310925
0.0306477
0.0329967
0.0326655
0.0319249
0.0323115
0.033762
0.0339242
0.0333142
0.0335953
0.0340229
0.032703
0.032156
0.0331643
0.0335142
0.0339698
0.0340586
0.0338501
0.0340439
0.0315338
0.0297211
0.0302012
0.030663
0.0311066
0.0330285
0.0326956
0.0323309
0.0319464
0.0339809
0.0338156
0.0336274
0.0333687
0.0341225
0.0328039
0.0322494
0.0332623
0.0336221
0.0340813
0.0339441
0.0328847
0.0313334
0.0341014
0.0315569
0.0297364
0.0302166
0.0306794
0.0311303
0.0330728
0.0327311
0.0323568
0.0319726
0.0340318
0.0338659
0.0336609
0.0334049
0.0341952
0.0323468
0.0333763
0.0329184
0.0337228
0.0341732
0.0340416
0.0329222
0.03416
0.0311439
0.0319882
0.0315761
0.0297511
0.030231
0.0306971
0.03311
0.032766
0.0323804
0.0340815
0.0339175
0.0337032
0.0334399
0.0342644
0.0334709
0.0324644
0.0330256
0.0338105
0.0342848
0.0339986
0.0341754
0.0322
0.0342306
0.0311598
0.0320136
0.0315953
0.0297665
0.0302478
0.0307144
0.0331347
0.0328005
0.0324099
0.0341294
0.0339674
0.0337448
0.0334742
0.034352
0.0343431
0.0325603
0.0335775
0.0331407
0.0342457
0.0339383
0.0341633
0.032029
0.0343007
0.0311796
0.0316137
0.0297816
0.0307288
0.0302619
0.0331571
0.0328203
0.0324414
0.034176
0.0340163
0.0337855
0.0335069
0.0344243
0.0344274
0.0344922
0.03268
0.0337051
0.0332544
0.0343555
0.0340358
0.0320435
0.0343704
0.0311942
0.0316315
0.0307448
0.029795
0.0302768
0.033179
0.0328409
0.0320637
0.0324683
0.0342211
0.0338143
0.0340651
0.0335392
0.0345432
0.0345337
0.032801
0.0344788
0.0338144
0.033382
0.0342609
0.0341616
0.0344372
0.0338406
0.031211
0.0316531
0.0307603
0.0298085
0.0302931
0.0332168
0.0328631
0.0324879
0.0320874
0.0334039
0.0342999
0.0341108
0.0344957
0.0346111
0.0338808
0.0346409
0.0345645
0.0329273
0.033496
0.0343848
0.0339563
0.0346887
0.0316663
0.0303064
0.0318893
0.0312304
0.0307761
0.0298241
0.0332465
0.0328847
0.0325084
0.0321094
0.0335846
0.0343679
0.0341722
0.0345494
0.034716
0.0339145
0.0347552
0.0344929
0.0346789
0.0330431
0.0336367
0.0340789
0.0314595
0.0303217
0.031687
0.031248
0.030792
0.0317007
0.0298379
0.0321222
0.0348263
0.0332666
0.0329133
0.0325271
0.033625
0.0339435
0.0344101
0.0343256
0.0346351
0.0347817
0.0342342
0.0347903
0.0342268
0.0346417
0.033189
0.0337805
0.0303379
0.031262
0.0308077
0.0316695
0.0319894
0.029852
0.0324061
0.0348451
0.0349043
0.0331698
0.0327224
0.0334167
0.0338581
0.0341268
0.0344711
0.0346987
0.0343927
0.0348847
0.0339133
0.0343504
0.0347524
0.0333389
0.0302107
0.0306855
0.0322821
0.031087
0.0316374
0.0319647
0.0298661
0.0326433
0.0347959
0.0349829
0.035003
0.0331955
0.0337637
0.0334858
0.0340651
0.0343052
0.0345021
0.034611
0.0349703
0.0347923
0.0340616
0.0344945
0.0334813
0.031277
0.0325126
0.0302514
0.0305626
0.0321554
0.0309065
0.0317149
0.0298801
0.0329613
0.0348914
0.0350022
0.0350817
0.0351057
0.0333012
0.0336652
0.0341038
0.0343485
0.0347014
0.0346905
0.0350644
0.0340426
0.0336385
0.0313615
0.0323784
0.0327192
0.0302462
0.0305558
0.0344956
0.032026
0.0309974
0.0315736
0.0298943
0.0331837
0.0348474
0.0349939
0.0351951
0.0352097
0.0335587
0.034163
0.033885
0.0344813
0.0347373
0.0348848
0.0351462
0.0337965
0.0341717
0.0312188
0.0328916
0.0324682
0.0302471
0.0306054
0.034651
0.0318955
0.0309571
0.0315393
0.0299095
0.033062
0.0334485
0.0349965
0.0351952
0.0353148
0.0353087
0.0337629
0.0343445
0.0340991
0.0346091
0.0348965
0.0350102
0.0352717
0.0340031
0.0312996
0.034865
0.0327336
0.0322085
0.0305662
0.03456
0.0318529
0.0309336
0.0314341
0.0299247
0.0329922
0.0333347
0.033677
0.0351424
0.0353103
0.0354258
0.0354297
0.0340328
0.0344467
0.0347373
0.0350257
0.0352308
0.0354688
0.0341866
0.0350264
0.0323802
0.032692
0.0306587
0.0320145
0.0303011
0.034818
0.0328102
0.0317285
0.031022
0.0299387
0.0338997
0.033218
0.0335666
0.0352878
0.0354241
0.0355408
0.0342933
0.0345449
0.0348637
0.0351532
0.0354223
0.0355864
0.0344076
0.032456
0.0306705
0.0322818
0.0353665
0.0302769
0.0350288
0.0307675
0.0330982
0.0327456
0.0318278
0.0313839
0.0299537
0.0337921
0.0341163
0.0334535
0.0355208
0.0356444
0.034424
0.0346523
0.0352324
0.034988
0.0353999
0.0356229
0.0357861
0.0346564
0.0322928
0.0325901
0.0354933
0.0333181
0.0303342
0.0353431
0.0307491
0.0311646
0.0329617
0.032126
0.0316561
0.0299687
0.034208
0.0338884
0.0336498
0.0345124
0.0356729
0.0357898
0.0347501
0.0353564
0.0350694
0.035776
0.0359203
0.0349453
0.0325664
0.035529
0.033259
0.0303081
0.0356089
0.0315628
0.0306409
0.0311326
0.0328325
0.0324168
0.0319779
0.0335474
0.0299847
0.0342983
0.0339818
0.0338946
0.0346004
0.0356553
0.0358865
0.0354027
0.0348847
0.0351879
0.0360383
0.0359676
0.0353119
0.0330917
0.0304917
0.0359659
0.0318667
0.031425
0.0309667
0.033825
0.0327
0.0322917
0.0334667
0.03
0.0343893
0.0341667
0.0346948
0.0355434
0.0357755
0.035984
0.0352539
0.0349823
0.0362544
0.0361762
0.0358562
0.0364917
0.0344917
0.0348
0.0360917
0.0353667
0.035625
0.0358667
0.0350917
0.0363
0.0366667
