2 1 1 4680 2 
0.0322917
0.0318667
0.0327
0.0334667
0.0330917
0.033825
0.0341667
0.0360917
0.0363
0.0359794
0.0358667
0.035625
0.0353667
0.0350917
0.0344917
0.0348
0.0366667
0.0364917
0.0362638
0.031425
0.0309667
0.0315625
0.03185
0.0322236
0.0327332
0.0330745
0.0334513
0.0338085
0.0341494
0.0360815
0.0359107
0.0358272
0.0344731
0.035595
0.0353764
0.0350724
0.0352142
0.0347818
0.0358331
0.0359378
0.0360485
0.0304917
0.03
0.0311324
0.0307197
0.031392
0.0318337
0.032362
0.0320837
0.0327661
0.0330581
0.0334332
0.0337911
0.0344549
0.0341317
0.0359571
0.0358075
0.0357586
0.0356116
0.0346871
0.0353794
0.0350516
0.0352913
0.0356334
0.0356986
0.0299859
0.0304672
0.0309344
0.0314047
0.0317547
0.0323964
0.0320981
0.0327984
0.0331125
0.0334149
0.033773
0.0341135
0.0344366
0.0357468
0.0356968
0.0356794
0.0355028
0.0347398
0.0352808
0.035022
0.0349419
0.0352542
0.0354348
0.0299687
0.0303336
0.0306083
0.031019
0.0314163
0.0318003
0.0321123
0.0324308
0.0328304
0.033213
0.0335785
0.0339269
0.034567
0.0342578
0.0355643
0.0355908
0.0354486
0.0348562
0.0351202
0.0346623
0.0353888
0.0349126
0.0299533
0.0302764
0.0305367
0.0311069
0.0313805
0.0317837
0.032152
0.0324656
0.033311
0.0330074
0.0336047
0.0338652
0.0342745
0.0345058
0.035472
0.0353479
0.0354786
0.0353653
0.0352238
0.0348573
0.0350448
0.0344128
0.034707
0.0350588
0.0351532
0.0299395
0.0307901
0.0302562
0.0309466
0.0314545
0.0317675
0.0321921
0.0325982
0.0328926
0.0333624
0.0336302
0.0340524
0.0346531
0.034366
0.0353528
0.0353544
0.0352817
0.0347792
0.0351257
0.0349704
0.0338532
0.0351784
0.0341828
0.0345457
0.0348947
0.035118
0.0299247
0.0305002
0.0311166
0.0314068
0.031805
0.0321737
0.0325817
0.0333421
0.0329713
0.0336522
0.034027
0.0342996
0.0346197
0.0352519
0.0351876
0.0348894
0.0350594
0.0351334
0.0350454
0.0340003
0.0346851
0.0348108
0.0337959
0.0307696
0.0299096
0.030389
0.0310356
0.0314536
0.0317342
0.0321584
0.0325638
0.032951
0.0333229
0.0336731
0.0340017
0.0345751
0.0343058
0.0348105
0.0351106
0.0349977
0.0350448
0.0349133
0.0347668
0.034403
0.0344425
0.0336361
0.0306167
0.0298959
0.0298792
0.0308387
0.0312945
0.0314319
0.0317652
0.0321396
0.0325014
0.0329333
0.0333417
0.0336502
0.0342687
0.0340089
0.034537
0.0349186
0.0347565
0.0350125
0.0347825
0.0349509
0.0346501
0.0343803
0.0339908
0.0334741
0.0303666
0.0298656
0.0305153
0.030942
0.0311224
0.0314638
0.0321226
0.0317966
0.0326145
0.0323614
0.0329134
0.0336232
0.0333581
0.0338767
0.0342956
0.0344883
0.0346978
0.0349233
0.0348503
0.0346158
0.034796
0.0342741
0.0338964
0.0333284
0.0298511
0.030186
0.0305816
0.0308067
0.0311686
0.0321059
0.0315182
0.032148
0.0326397
0.0331379
0.0335977
0.0339098
0.034194
0.0344373
0.0346336
0.0347691
0.034826
0.0347205
0.0343986
0.0346
0.0340997
0.0336896
0.0331897
0.0308309
0.0298371
0.030213
0.030485
0.0309604
0.0314154
0.0318549
0.0324875
0.0321904
0.0328704
0.0332315
0.0335687
0.0338791
0.0342633
0.0344942
0.034633
0.0347274
0.0346494
0.034275
0.0344568
0.0339418
0.0335175
0.0330485
0.0298234
0.0304864
0.0301569
0.0304871
0.0309595
0.0311764
0.0316331
0.0318837
0.0324685
0.032193
0.033011
0.0332824
0.0335377
0.0341086
0.0338415
0.0344198
0.0342342
0.0345758
0.0346365
0.0345782
0.0345301
0.0341499
0.034315
0.0337825
0.0344605
0.0327103
0.0333639
0.032921
0.0298089
0.03016
0.0304881
0.0308075
0.0311181
0.0315216
0.031912
0.0324485
0.0329453
0.0332357
0.0335062
0.0338023
0.0340623
0.0341733
0.0343396
0.0345065
0.0344959
0.0345377
0.0344418
0.0342637
0.0339867
0.0336208
0.0327961
0.0332727
0.0297947
0.0301227
0.0304292
0.0307281
0.0310196
0.031419
0.0320284
0.0317283
0.0324251
0.0327993
0.0331514
0.0334733
0.0337619
0.0339634
0.0340744
0.0342582
0.0343649
0.0344361
0.034447
0.0343592
0.0339953
0.0342174
0.0336364
0.0326847
0.0334628
0.0331146
0.0297801
0.0301467
0.0304896
0.0313023
0.0308221
0.0317092
0.0324015
0.0320537
0.0327759
0.0331201
0.0337217
0.0334413
0.033942
0.0341647
0.034301
0.0343497
0.0343662
0.0342563
0.0340728
0.0337691
0.033588
0.0341385
0.0325598
0.0331388
0.0297663
0.0300928
0.0303983
0.0297502
0.0306961
0.0315751
0.0311448
0.0319879
0.0327486
0.0323809
0.033092
0.0334038
0.0336821
0.033915
0.0341015
0.0342265
0.0342849
0.0342641
0.0339197
0.0332912
0.0336009
0.0340734
0.0324576
0.0328085
0.0302316
0.0304494
0.0297365
0.0308568
0.0315949
0.0312653
0.0320117
0.0323554
0.0330596
0.0326822
0.0333345
0.033636
0.0340389
0.0338657
0.0341616
0.0342055
0.0341666
0.0338626
0.0335467
0.0332191
0.0340049
0.0323482
0.0327535
0.0330025
0.0300892
0.0304826
0.029721
0.0308875
0.0316123
0.0312946
0.0319444
0.032331
0.0326148
0.033265
0.033027
0.0327924
0.0335943
0.0339785
0.0338553
0.0340852
0.0341226
0.0340817
0.033762
0.0333656
0.0339098
0.0334013
0.0322461
0.0325958
0.032925
0.0300776
0.0304995
0.0297063
0.0308667
0.0315064
0.0320544
0.0317949
0.0322725
0.0325511
0.032996
0.0332004
0.0336979
0.0337886
0.0340156
0.0339238
0.034043
0.0339895
0.0332527
0.0336305
0.0338214
0.0335393
0.03215
0.0328434
0.0324863
0.0300213
0.030432
0.0296921
0.0312186
0.0309033
0.030579
0.0316462
0.032074
0.0324831
0.0327855
0.0331301
0.0333706
0.0336284
0.0338618
0.0339532
0.0339658
0.0338984
0.0331726
0.0334968
0.0337431
0.0320524
0.0327694
0.0323681
0.0300234
0.0296787
0.0313687
0.0309943
0.03062
0.0315872
0.0318827
0.0322622
0.0326153
0.0329373
0.0332249
0.0334702
0.0336657
0.033808
0.0338853
0.0338988
0.0338628
0.0330065
0.0333055
0.0335247
0.0336916
0.0319612
0.0323163
0.0326409
0.0303415
0.030299
0.0296641
0.0310862
0.0306614
0.0314349
0.0318708
0.0322547
0.0325523
0.0328286
0.0332193
0.0334577
0.0336167
0.0337367
0.0338238
0.0338399
0.0337832
0.0328767
0.0332044
0.0334952
0.0336518
0.0330628
0.0318743
0.0321965
0.0326256
0.0304083
0.0300131
0.0296529
0.0309738
0.0315602
0.0318843
0.0322803
0.0326532
0.0329148
0.0332796
0.0335273
0.0338041
0.0337047
0.033836
0.0338039
0.0337235
0.0330875
0.0333758
0.0335828
0.0318057
0.0324961
0.0328997
0.0307775
0.0303669
0.0300086
0.0296526
0.0296701
0.03122
0.0316701
0.0319445
0.0324442
0.0328461
0.033215
0.033622
0.0338326
0.0340441
0.0339433
0.033885
0.0339832
0.033726
0.0332896
0.0335612
0.0311375
0.0317441
0.0322965
0.0327759
0.0331851
0.0324568
0.0306433
0.0301501
0.0297159
0.0316483
0.0322162
0.0328021
0.0334147
0.0340922
0.0345769
0.0350505
0.0348941
0.0345165
0.0350399
0.0341598
0.0338866
0.0335231
0.0314367
0.0308452
0.0317265
0.0329008
0.0333864
0.0325771
0.0321078
0.0304691
0.0298079
0.030128
0.0319751
0.0327978
0.0338192
0.0350068
0.0367506
0.038509
0.0388689
0.0384597
0.0353216
0.0363162
0.0372158
0.0343674
0.0338093
0.0311889
0.031763
0.0331575
0.0329428
0.0326781
0.032233
0.0299979
0.0309324
0.0305233
0.0316543
0.0326176
0.0344994
0.0371368
0.0400114
0.0439374
0.0496676
0.0520082
0.0496201
0.0375844
0.0409144
0.0459737
0.0378102
0.0354133
0.0344657
0.0318878
0.0338251
0.0333816
0.0323715
0.0303123
0.0304599
0.0313888
0.0322151
0.0313683
0.0333986
0.0351958
0.0374962
0.0438916
0.0582736
0.0656615
0.0699771
0.0712901
0.0693761
0.0627523
0.0423043
0.0508863
0.035464
0.0367356
0.0321091
0.0344721
0.0330268
0.0307285
0.0310222
0.032901
0.0319778
0.0332284
0.0356474
0.0397003
0.054077
0.0713825
0.0826786
0.0881783
0.0884696
0.035034
0.0363715
0.0833849
0.0713137
0.0444841
0.0548034
0.0390657
0.0325011
0.0328358
0.0340318
0.0360495
0.0313616
0.0321027
0.0337973
0.0350656
0.034314
0.0379946
0.0437174
0.0535073
0.0691628
0.0869223
0.101617
0.0982135
0.101244
0.0951788
0.0375488
0.0395411
0.0773184
0.0442289
0.0630152
0.0474941
0.0377868
0.0330434
0.0334587
0.03492
0.0320928
0.0324165
0.0338732
0.0362197
0.0358825
0.0370509
0.0417737
0.0470908
0.0569924
0.0707985
0.086715
0.0909312
0.101255
0.0999925
0.0967094
0.0950227
0.0861763
0.0416515
0.0749853
0.0500854
0.057701
0.0658523
0.0330652
0.0412931
0.0374204
0.035805
0.0336921
0.0340688
0.0340774
0.0361501
0.0398343
0.0395006
0.0495364
0.0432486
0.0576858
0.0709977
0.0836039
0.0930509
0.0954841
0.0446155
0.0912207
0.0832272
0.050566
0.0728958
0.0599209
0.04574
0.0339302
0.0409556
0.0376973
0.0345977
0.0356605
0.0353444
0.0353807
0.0378457
0.0444366
0.0400839
0.0419767
0.0512782
0.060337
0.0705413
0.0806875
0.0877849
0.0905882
0.0878538
0.0523724
0.0807669
0.0609627
0.0709542
0.043365
0.0480292
0.035007
0.0393207
0.0369071
0.0354078
0.0363537
0.0373275
0.0405809
0.0466717
0.0527285
0.043919
0.0599081
0.0708466
0.0781651
0.084299
0.0863654
0.0848368
0.078629
0.0537139
0.0714745
0.0617319
0.0414426
0.047142
0.0360494
0.0400992
0.0381813
0.0365373
0.0364205
0.0371889
0.0389311
0.0417057
0.0537491
0.0449677
0.0486322
0.0612751
0.0708777
0.0762097
0.0812534
0.0831269
0.080569
0.0765578
0.0547128
0.0619937
0.0679636
0.0717746
0.0428589
0.0436411
0.0491887
0.0370084
0.0399073
0.0375533
0.0373814
0.0387205
0.0406106
0.0443353
0.0469512
0.0556123
0.0503225
0.0613639
0.0683174
0.0744993
0.0762259
0.079532
0.0801087
0.0788333
0.0747687
0.0575471
0.0666595
0.0406974
0.0436905
0.0465992
0.050981
0.0386435
0.0380405
0.0387979
0.038336
0.0422158
0.0473223
0.0508358
0.0612377
0.0549956
0.0675131
0.0728824
0.0774293
0.0777129
0.0764688
0.0740417
0.070404
0.0653672
0.0559641
0.060601
0.0414065
0.0522818
0.0443072
0.0473432
0.0408967
0.0395662
0.0435031
0.0390158
0.0399836
0.039319
0.046548
0.0505074
0.0553504
0.0642071
0.059811
0.0693717
0.0728847
0.0748754
0.0756727
0.0746731
0.0716116
0.0671707
0.0617934
0.0562836
0.0421023
0.0516054
0.0446863
0.0476965
0.0415175
0.0407159
0.0438217
0.0464824
0.0399403
0.0414025
0.0408067
0.0402146
0.0498233
0.0590644
0.0538902
0.0642233
0.0687286
0.0720332
0.0737436
0.0727459
0.0729994
0.0704064
0.0663452
0.0615432
0.0564887
0.0427114
0.0449762
0.0504866
0.047598
0.0428898
0.0463796
0.0496597
0.0407083
0.0431596
0.0418951
0.0410798
0.053042
0.0605431
0.0568438
0.064118
0.0688333
0.0712401
0.0721265
0.0715593
0.0684598
0.0655587
0.0566406
0.0612529
0.0533694
0.0440401
0.0474788
0.0506933
0.0454884
0.0453005
0.0491328
0.052864
0.0415782
0.0430172
0.0447438
0.0443063
0.0425272
0.0418357
0.0558786
0.0602492
0.0639013
0.0673484
0.0699538
0.0707558
0.0701234
0.0677471
0.0648555
0.061425
0.0567395
0.0537995
0.0465882
0.0501597
0.0463682
0.0471232
0.0483289
0.051924
0.0559041
0.0422323
0.0436371
0.0454636
0.0426299
0.0440977
0.0599662
0.0636609
0.0667214
0.068697
0.0694646
0.0688647
0.0670424
0.0641907
0.0456096
0.0606029
0.0567063
0.0528718
0.0493507
0.0474854
0.0478131
0.0500341
0.0528652
0.0559012
0.0596245
0.0428995
0.0442662
0.046093
0.0432041
0.0451054
0.0630696
0.0657589
0.0676762
0.0677197
0.0682937
0.0663465
0.0635386
0.0606625
0.0474958
0.0536761
0.0566954
0.0507637
0.0489577
0.0500611
0.0486524
0.0524761
0.0566635
0.0593178
0.0624264
0.0434756
0.044842
0.0463557
0.0438658
0.0452588
0.0666032
0.0649918
0.0656929
0.0672239
0.0667577
0.0629361
0.0640477
0.0606814
0.0566749
0.0470909
0.0497342
0.0533111
0.0515034
0.0493891
0.0547742
0.0590365
0.0637036
0.062742
0.0439749
0.045851
0.0473394
0.0444196
0.0458105
0.0662518
0.0657002
0.0650719
0.0659966
0.0477676
0.046934
0.0624247
0.0559467
0.0586548
0.0603784
0.0493267
0.0523872
0.0544527
0.0521401
0.0500663
0.0571215
0.0602445
0.064363
0.0624015
0.0482867
0.0444337
0.0467782
0.0496116
0.0448766
0.065465
0.0637776
0.0650366
0.0483519
0.0462465
0.0618481
0.0553226
0.058129
0.0541299
0.0510596
0.055716
0.0514375
0.052965
0.0584384
0.0608919
0.0640814
0.0628502
0.0645722
0.0483881
0.0448695
0.0469067
0.0509102
0.0453379
0.0642626
0.0631397
0.061335
0.0489086
0.0468263
0.0590217
0.0494583
0.0564232
0.0538759
0.0515177
0.0556363
0.0533178
0.0570952
0.058986
0.0607779
0.062208
0.0638004
0.0633744
0.0637478
0.0500332
0.0482617
0.045254
0.0464209
0.0496491
0.0536399
0.0521854
0.045734
0.062565
0.0608504
0.0591087
0.0479376
0.0470778
0.049403
0.0571523
0.0511811
0.0550707
0.0530547
0.0555607
0.0583988
0.0599997
0.0627254
0.0616461
0.0631539
0.0627644
0.0627332
0.0619303
0.0516589
0.0476786
0.045563
0.0510227
0.0490451
0.0554405
0.053393
0.0460863
0.0608137
0.0584709
0.0485769
0.0473202
0.0509096
0.0562208
0.0528827
0.0545205
0.0578773
0.059575
0.0609758
0.0621607
0.0625415
0.0622565
0.0614387
0.053156
0.0517817
0.0458833
0.0473157
0.0496586
0.0480165
0.0573913
0.0553286
0.0463595
0.0598298
0.0581795
0.0501759
0.0484895
0.0524168
0.0560839
0.0544935
0.0606407
0.059236
0.0615933
0.0619661
0.0617274
0.0609273
0.0596364
0.053428
0.0520278
0.0505413
0.0461071
0.0489989
0.0471379
0.050863
0.0466505
0.0571633
0.0552199
0.0481076
0.0579399
0.0517865
0.04984
0.0538685
0.0559448
0.0588744
0.0602224
0.0610812
0.0614171
0.0611767
0.0604914
0.0590718
0.0596171
0.0576649
0.053654
0.0550976
0.0522456
0.0463315
0.0495776
0.0481506
0.0510515
0.0468568
0.0569379
0.0491412
0.0480402
0.0560729
0.0525189
0.0507693
0.0538639
0.0585287
0.0597787
0.0605899
0.0609138
0.0607319
0.0600313
0.0585726
0.0574172
0.0538483
0.0553205
0.0525559
0.0465203
0.0490025
0.0475122
0.0507165
0.0470602
0.0567096
0.0581918
0.0481729
0.0494478
0.0556986
0.0523135
0.0507075
0.0538295
0.0506329
0.0600168
0.0593791
0.0603852
0.0604415
0.0600881
0.0590224
0.0571997
0.0557001
0.0540112
0.0521597
0.0466785
0.0476994
0.0488839
0.0503917
0.0517894
0.0472184
0.058492
0.0572246
0.0482133
0.0491422
0.0555643
0.0537991
0.0521982
0.0503344
0.0597336
0.0590314
0.0600402
0.0596126
0.0588019
0.0580091
0.0569697
0.0554212
0.0553539
0.0541385
0.0468124
0.0479388
0.0498426
0.0487587
0.0530519
0.0514381
0.0473438
0.0580321
0.0571467
0.0491164
0.0500417
0.0537526
0.0523006
0.0593271
0.0586749
0.0595964
0.0594327
0.0588916
0.057975
0.0543057
0.0562216
0.0570919
0.0539014
0.0560866
0.0550167
0.0566898
0.0469236
0.0480112
0.0509149
0.0491083
0.0519564
0.0530093
0.0483733
0.0474623
0.0583107
0.0576285
0.0493321
0.0510992
0.0523932
0.0585195
0.0590665
0.0590558
0.0591933
0.0587157
0.0576897
0.056932
0.0536344
0.0551418
0.05619
0.0572108
0.0546909
0.0559002
0.0470046
0.0489119
0.0502869
0.0514349
0.0470821
0.0529335
0.0543783
0.0486507
0.0475501
0.0580051
0.0498857
0.0517453
0.0586447
0.0588323
0.0587671
0.0581415
0.0574001
0.0561608
0.0535699
0.0550071
0.0576942
0.0568238
0.0556969
0.0484717
0.0499304
0.0505378
0.0519159
0.0471296
0.0530251
0.0542548
0.0485372
0.0476164
0.0497823
0.0476702
0.0582692
0.051129
0.0525418
0.0534791
0.058516
0.0583651
0.0571395
0.0579228
0.0561147
0.0548807
0.0574046
0.0566919
0.0555215
0.0505387
0.0481855
0.0492315
0.0508097
0.0519763
0.0471698
0.0482062
0.0530993
0.0544059
0.0553251
0.0490791
0.0477009
0.0579928
0.0581664
0.0520256
0.05353
0.0576103
0.0580756
0.0569046
0.0559164
0.0547276
0.057145
0.056354
0.0498194
0.050907
0.049963
0.052138
0.051065
0.047192
0.0481092
0.0490288
0.0531586
0.0544024
0.0541266
0.0555053
0.0486422
0.0477207
0.0577291
0.0573707
0.0578614
0.0524423
0.0535598
0.0577508
0.057346
0.0566645
0.055478
0.0545766
0.0564239
0.0499661
0.0512385
0.051885
0.0504777
0.0499614
0.0472027
0.0487853
0.0531923
0.0522603
0.05498
0.0540889
0.0559213
0.0488395
0.0477268
0.0574791
0.0570991
0.0575469
0.0574082
0.0522764
0.05364
0.0559943
0.0572134
0.0564225
0.0570912
0.0551868
0.0538566
0.0566432
0.0500528
0.0513944
0.0507259
0.0494536
0.0472032
0.0481777
0.0532189
0.0513188
0.0523187
0.0548103
0.0540438
0.0557092
0.056387
0.0488838
0.0477201
0.0572336
0.0572831
0.0526766
0.0557446
0.0561923
0.0568459
0.0531341
0.0549009
0.0538807
0.0568372
0.0499242
0.0512234
0.049791
0.0503805
0.0471922
0.0483288
0.0494326
0.0563372
0.0558071
0.0532359
0.0519022
0.0539583
0.0546452
0.0555115
0.0486956
0.0477027
0.0570308
0.0569317
0.0565753
0.0524066
0.0555442
0.0561311
0.0533695
0.0546171
0.0566363
0.0567514
0.0510471
0.0496496
0.0504953
0.0471712
0.0481921
0.049292
0.051795
0.056354
0.0560525
0.0553099
0.053254
0.0544879
0.0517896
0.0486037
0.0476759
0.0567113
0.056482
0.0559865
0.0529514
0.0520192
0.0552741
0.0540105
0.0545252
0.0565281
0.0505637
0.0494839
0.0502969
0.0471435
0.0481699
0.0491439
0.0514392
0.0523645
0.053229
0.0562837
0.0556696
0.0561244
0.0551168
0.0542182
0.0509735
0.0486779
0.0476394
0.0564457
0.0555577
0.0560135
0.0522367
0.0531389
0.0549871
0.0538675
0.0562205
0.0496444
0.0509831
0.0497408
0.0471023
0.0484426
0.0521502
0.0532217
0.0560545
0.0559072
0.0549286
0.0555214
0.0541627
0.0518755
0.0505654
0.0485218
0.0475972
0.0558518
0.0553643
0.0529502
0.0537218
0.0546349
0.0525576
0.0559848
0.0556889
0.0493755
0.0513198
0.0501908
0.0490589
0.0470645
0.0483647
0.0557548
0.0520488
0.0530897
0.0556762
0.0558485
0.0553721
0.0539956
0.0547615
0.051419
0.0501929
0.0488968
0.0475405
0.0551771
0.0535868
0.0544536
0.0517418
0.0527728
0.0549858
0.0555213
0.0504554
0.0493888
0.0470121
0.0479978
0.0555633
0.0519453
0.053168
0.0525103
0.0554836
0.0556245
0.0551759
0.0550179
0.053844
0.0545699
0.0492922
0.0504467
0.0474894
0.0534354
0.0543057
0.0508979
0.0519252
0.0526441
0.0547945
0.0551898
0.0541281
0.0507519
0.0495788
0.0469605
0.0486855
0.0552071
0.0552345
0.0554348
0.0510584
0.0518306
0.0524407
0.0531303
0.0552953
0.0547864
0.0539503
0.0483667
0.0498209
0.047425
0.0533002
0.0510494
0.0519824
0.0546287
0.053719
0.0497719
0.0469005
0.0486156
0.0547106
0.0550356
0.0552223
0.0507194
0.0551841
0.0517289
0.0530943
0.0550238
0.0538655
0.0547514
0.0543396
0.0489953
0.050136
0.0473543
0.0527869
0.0509243
0.0520567
0.0534777
0.0541105
0.0497031
0.0468379
0.0485404
0.0476616
0.054494
0.0548753
0.0550057
0.055008
0.0516084
0.0508481
0.0548941
0.0525645
0.0533915
0.0545703
0.0540661
0.0502507
0.0482231
0.0491906
0.0472795
0.0521097
0.0512245
0.0502549
0.0528649
0.0536529
0.0493117
0.046763
0.0484593
0.0476909
0.0539166
0.0545369
0.0547814
0.0548433
0.0511608
0.0500388
0.0518283
0.0546758
0.054629
0.0529914
0.0536994
0.0542496
0.0492278
0.0492125
0.048213
0.0472062
0.0502525
0.0521322
0.0512006
0.0530085
0.0492115
0.0466898
0.0485693
0.0475099
0.0543426
0.0540352
0.0533396
0.0545579
0.0546646
0.0515997
0.0504692
0.0523036
0.0544765
0.0542216
0.053097
0.053736
0.0492402
0.0480419
0.0471266
0.0501433
0.0505323
0.0511196
0.0521551
0.0527761
0.0495637
0.0466214
0.048296
0.0531864
0.054182
0.0537639
0.0544644
0.0544294
0.0543738
0.0505584
0.0521691
0.0513749
0.0528717
0.0540546
0.053592
0.0490754
0.0481313
0.0470402
0.0497332
0.0508857
0.0518807
0.0525466
0.0465327
0.0501397
0.0490294
0.0478246
0.0523104
0.0530315
0.0535962
0.0542362
0.0540112
0.054302
0.0541856
0.0504114
0.0511531
0.0520478
0.0528079
0.0534169
0.0538854
0.0488745
0.0469576
0.0479846
0.0468589
0.0493681
0.0504657
0.0514585
0.0464598
0.0492455
0.0481787
0.0520718
0.0524188
0.0528839
0.0534467
0.053835
0.0540748
0.0541258
0.0540042
0.0537626
0.0510293
0.0496517
0.0519147
0.0525797
0.0532775
0.0481648
0.0467728
0.0487004
0.0495698
0.0513264
0.0507272
0.0499606
0.0463703
0.0473791
0.0486487
0.0511942
0.0518398
0.0527338
0.0531628
0.0538608
0.0536759
0.0539567
0.0538439
0.0490442
0.053113
0.0538881
0.0535695
0.0500188
0.0509149
0.0517856
0.0526881
0.0476103
0.0466775
0.0486251
0.0502346
0.0491494
0.0502401
0.0462861
0.0479901
0.0473145
0.0518938
0.0510724
0.0532943
0.0525931
0.0536814
0.0537969
0.0496454
0.0487095
0.0530678
0.0533978
0.0536787
0.0502039
0.0511426
0.0526132
0.0521254
0.0476276
0.0465834
0.0483028
0.0492811
0.0501498
0.049178
0.0462011
0.047872
0.0471129
0.0509375
0.0517631
0.0524378
0.0534061
0.0534805
0.052974
0.0536202
0.0535996
0.0493838
0.0483248
0.0530151
0.0532598
0.0500024
0.0511159
0.0519011
0.0525508
0.0474144
0.0464884
0.0483088
0.0500595
0.0490823
0.0461128
0.0469933
0.0511393
0.0520646
0.0524215
0.0528253
0.0533792
0.0531993
0.0534695
0.0533589
0.0533529
0.0487591
0.0477335
0.0495452
0.0526744
0.0530967
0.050559
0.051393
0.0521106
0.0472805
0.0463901
0.0480211
0.0503937
0.0487089
0.0495884
0.0460199
0.0469954
0.0508983
0.0514818
0.0519958
0.052669
0.0529666
0.0532579
0.0530659
0.0533084
0.053199
0.0531976
0.0529356
0.0484413
0.0504349
0.0496233
0.0525336
0.0519683
0.0512711
0.0472731
0.0462884
0.0480934
0.0501575
0.0493451
0.0459334
0.046923
0.0477642
0.0506668
0.0513549
0.0520782
0.0525168
0.0528484
0.0531031
0.053162
0.0527909
0.0530286
0.048739
0.0496668
0.0503225
0.0518207
0.0523201
0.0512324
0.0482259
0.0478061
0.0470725
0.0461925
0.0488411
0.04992
0.0504276
0.0458298
0.0470808
0.0512162
0.0518688
0.0523844
0.0527389
0.0529443
0.0528918
0.0529919
0.0522359
0.0526448
0.0492667
0.0501969
0.0510112
0.0516995
0.0474081
0.0484175
0.0484873
0.0460813
0.0473411
0.0495212
0.0503986
0.0457449
0.0510881
0.0517917
0.0522276
0.0525556
0.0527905
0.0528448
0.052486
0.0527479
0.0521003
0.0494395
0.0502477
0.0509646
0.0515543
0.0465396
0.047511
0.0485463
0.0478496
0.0487748
0.0459925
0.0496715
0.0503587
0.0509449
0.045648
0.0515878
0.0523726
0.0520877
0.0526392
0.0526957
0.0526311
0.0518505
0.0524346
0.0520466
0.0523542
0.0496461
0.0505914
0.0514233
0.0470807
0.0480744
0.0491466
0.0471728
0.0480104
0.0487844
0.0458805
0.0495508
0.0502292
0.050816
0.0524426
0.0455505
0.05145
0.0518908
0.0521985
0.0525527
0.0525044
0.0516659
0.0522123
0.0500201
0.0511799
0.0508669
0.0465442
0.0475982
0.0485553
0.0494158
0.0467944
0.047441
0.0475699
0.0485687
0.0457789
0.0494321
0.0501846
0.0510528
0.0524218
0.0454545
0.0513386
0.0515445
0.052009
0.052246
0.0523945
0.0523677
0.0522196
0.0514587
0.0518678
0.050168
0.0508072
0.0463325
0.0476815
0.0486753
0.04944
0.0467811
0.047456
0.0483594
0.0456786
0.0501017
0.0494913
0.0508408
0.0453587
0.0511301
0.0516579
0.0520003
0.0521982
0.0522494
0.0521927
0.0520402
0.0517694
0.051276
0.0503832
0.046113
0.0470685
0.0477599
0.0496286
0.0487839
0.0464907
0.0487375
0.0478229
0.0455736
0.0486448
0.0493682
0.0500215
0.0506455
0.0452609
0.0513743
0.0517619
0.0520097
0.0521187
0.0520201
0.051675
0.0514949
0.0508952
0.0502528
0.0461042
0.0468199
0.0474745
0.0482972
0.0495913
0.0465265
0.0479311
0.047028
0.0454671
0.0485572
0.0493297
0.0499259
0.0508957
0.0504344
0.0520115
0.0459095
0.0451616
0.0512852
0.0517184
0.0518828
0.0519662
0.0518776
0.0517075
0.0512758
0.0501238
0.0507648
0.0468879
0.0481189
0.0488594
0.0495381
0.0463121
0.0476859
0.0453616
0.0482805
0.0491175
0.0497634
0.0507746
0.0501537
0.0466157
0.0450729
0.0512871
0.0517851
0.0515781
0.051501
0.0518217
0.0517354
0.0511425
0.0499927
0.0506332
0.0476007
0.0486475
0.0493277
0.0472624
0.0470312
0.0452642
0.0462302
0.0477925
0.0488163
0.0496072
0.0474533
0.0511052
0.0506297
0.0500296
0.0451489
0.0449618
0.0461648
0.0514387
0.0516807
0.0516361
0.0513686
0.0515993
0.0510041
0.0505048
0.0498755
0.0482468
0.0491182
0.0466518
0.0475811
0.0463622
0.0484314
0.0492943
0.0494274
0.0476207
0.0468114
0.0504955
0.0510119
0.049905
0.0450512
0.0448757
0.0513021
0.0514882
0.0460051
0.0514497
0.0515474
0.0512361
0.0508679
0.0497469
0.0504355
0.049091
0.0484734
0.0468796
0.0477469
0.0458243
0.0485739
0.0492184
0.0477218
0.0466226
0.0509156
0.0503707
0.050594
0.0497744
0.0449436
0.0447697
0.0513207
0.0511566
0.0514073
0.045645
0.0513243
0.0507294
0.0510284
0.0503647
0.0496311
0.0488889
0.0482802
0.0469957
0.0458218
0.046437
0.048451
0.0490971
0.0472738
0.0508233
0.0502363
0.0504874
0.0496446
0.04484
0.0446772
0.0512569
0.0511707
0.0509608
0.0512587
0.0461968
0.0470617
0.0511131
0.0510568
0.0506157
0.0499286
0.0493891
0.0487579
0.0479966
0.0456082
0.0464436
0.048881
0.0473273
0.0478998
0.0495134
0.0507305
0.0501182
0.0447357
0.0445772
0.0511302
0.0510114
0.0511105
0.0456989
0.0465326
0.0478424
0.0507868
0.0509402
0.0499879
0.0504754
0.0495296
0.0489954
0.0455618
0.0464262
0.0464048
0.0473023
0.0487998
0.0481088
0.0472695
0.0493895
0.050752
0.0504323
0.0499785
0.0446362
0.0444753
0.0451997
0.0510024
0.0509514
0.0508366
0.0459848
0.0473361
0.0485279
0.0506777
0.0503451
0.0498699
0.0492618
0.0455525
0.0463884
0.0486962
0.0474919
0.0480509
0.049838
0.0492638
0.0508076
0.0506226
0.0503036
0.0445315
0.0458736
0.0443767
0.0451848
0.0507744
0.0508658
0.0506101
0.0476518
0.0468049
0.0464978
0.0484094
0.0503499
0.049741
0.0491383
0.049972
0.0453416
0.0466574
0.0507245
0.0506993
0.0486537
0.0472233
0.047971
0.049134
0.0497198
0.0504968
0.0501701
0.0444262
0.045933
0.0442757
0.044993
0.0506498
0.0504309
0.048288
0.0474518
0.0470758
0.0466125
0.0488653
0.0501754
0.0496225
0.0467555
0.0460269
0.0452602
0.0505903
0.0505317
0.0505559
0.0484754
0.0477344
0.0490192
0.0500313
0.0496456
0.0503339
0.0443294
0.0456692
0.0441859
0.0503131
0.0462844
0.0481779
0.0475865
0.0472238
0.0464444
0.0488212
0.0499624
0.0494876
0.0473656
0.0464299
0.0453798
0.0503813
0.0504677
0.0504131
0.0475705
0.0481895
0.0494581
0.048889
0.0502259
0.0499113
0.0442154
0.0440748
0.0452346
0.0501708
0.0498347
0.0456672
0.0480598
0.0474388
0.046777
0.0487747
0.0493684
0.0441268
0.0465916
0.0458409
0.0502599
0.0503381
0.0500895
0.050266
0.0469191
0.0480701
0.049335
0.0487636
0.049821
0.0439847
0.0448035
0.0500443
0.0496598
0.0492345
0.0460726
0.047945
0.047104
0.0487266
0.0452155
0.0440181
0.0499151
0.0462081
0.0468983
0.0499838
0.050153
0.0501712
0.050199
0.0500299
0.0497306
0.0499643
0.0479521
0.0494207
0.0486363
0.0492148
0.0438879
0.045202
0.049582
0.0458251
0.0491239
0.0466327
0.0479938
0.0475499
0.0485298
0.0453405
0.0439131
0.0497943
0.0462261
0.0469224
0.0475164
0.050041
0.0500544
0.0499039
0.0496465
0.0480689
0.0490835
0.0486187
0.0437865
0.0445199
0.04946
0.0489892
0.0463939
0.0453766
0.0485177
0.0471411
0.0479601
0.0446474
0.0455068
0.0438092
0.0496658
0.0498676
0.0462836
0.0469744
0.0477071
0.0499411
0.0498851
0.0497541
0.0495489
0.0492142
0.0482527
0.0487225
0.043687
0.0444031
0.0493265
0.0488751
0.0461576
0.0454336
0.0468585
0.0482946
0.0475935
0.0445267
0.0455565
0.0437096
0.0492852
0.0495327
0.0456061
0.0497058
0.0497999
0.0468371
0.0475895
0.0497665
0.049581
0.0488301
0.04927
0.0482774
0.0435903
0.0442879
0.0449555
0.0454782
0.0489696
0.048178
0.0462227
0.0468948
0.0474836
0.0444095
0.0436112
0.0490914
0.0494949
0.0450529
0.0459459
0.0496547
0.0496836
0.0466949
0.0474721
0.0495334
0.0492739
0.0491483
0.0487149
0.0481495
0.0456475
0.0434948
0.0442745
0.0455912
0.0484525
0.0479474
0.0465333
0.0473646
0.0443879
0.0435079
0.0489526
0.0486174
0.0492233
0.0494954
0.0451032
0.0465598
0.04956
0.0495008
0.0473617
0.0493753
0.0490179
0.0486961
0.0480339
0.0461935
0.0433967
0.0482383
0.0441947
0.0449877
0.0461247
0.0478013
0.0472539
0.0434123
0.0441993
0.0450202
0.0484451
0.0488351
0.0491315
0.049362
0.0494365
0.0457495
0.0467064
0.0473086
0.0493836
0.0478431
0.0488894
0.0491707
0.0485182
0.0454336
0.0433081
0.0478238
0.0447349
0.0457856
0.0465979
0.0472519
0.0433026
0.0444246
0.0482749
0.0487207
0.0490374
0.0492301
0.0493083
0.0492553
0.0463328
0.0477856
0.0471221
0.049076
0.0483433
0.0487738
0.0455861
0.0447041
0.0431989
0.0443153
0.0477062
0.045325
0.0462291
0.0470231
0.0445977
0.0432132
0.0476649
0.0472455
0.0481471
0.0485452
0.0489123
0.0491117
0.0491778
0.049102
0.0491263
0.0489511
0.0465307
0.0470069
0.0475987
0.0486505
0.047862
0.0482853
0.0458961
0.0439204
0.0447827
0.0431115
0.0438914
0.0469153
0.0456155
0.0464301
0.0446764
0.046798
0.0431074
0.0476233
0.0471765
0.0480319
0.0487861
0.0489818
0.0485619
0.0490522
0.0490074
0.0488272
0.0461091
0.0468851
0.0465934
0.0473967
0.0485246
0.0477071
0.0480983
0.0452119
0.0439211
0.0444895
0.0430076
0.0438196
0.0451121
0.0460132
0.046006
0.044388
0.0466853
0.0430108
0.0471035
0.0475858
0.0482033
0.0488644
0.0486739
0.0489313
0.0486032
0.0487911
0.0456095
0.0462959
0.0472093
0.0483326
0.0479806
0.0450758
0.0437218
0.0443569
0.0429134
0.043622
0.0452085
0.0460043
0.0446419
0.0441545
0.0465749
0.045997
0.0429155
0.0471437
0.0475292
0.0480281
0.0484035
0.0487883
0.0486594
0.0487985
0.0486809
0.0484501
0.0456224
0.0461101
0.0470037
0.0476026
0.0480869
0.0435892
0.0447244
0.0428253
0.045355
0.0441087
0.0434924
0.0467289
0.0461153
0.0454401
0.0428179
0.0474917
0.0481178
0.0484287
0.0486826
0.0484914
0.0486605
0.0450736
0.0486345
0.0484616
0.0481626
0.0458546
0.0465395
0.0472007
0.0477402
0.0435672
0.0442092
0.0447852
0.0427262
0.0446978
0.0435493
0.0470106
0.0465281
0.0452285
0.0459111
0.0427169
0.0479876
0.0475654
0.0482394
0.0483619
0.0485677
0.0485237
0.0456665
0.0484808
0.048331
0.0481255
0.0476228
0.0464349
0.0472326
0.0484815
0.0433833
0.0442591
0.0453157
0.0426328
0.0432969
0.0441685
0.044799
0.0468997
0.0463312
0.0457066
0.0426283
0.0478755
0.0474462
0.048158
0.0483917
0.0484472
0.048376
0.0463202
0.0482188
0.0478734
0.0474998
0.0469736
0.045779
0.0440096
0.0448843
0.0425448
0.0439233
0.0424381
0.0453653
0.0444943
0.042519
0.0467874
0.046134
0.0436013
0.0473275
0.0477639
0.0482512
0.0480623
0.0483271
0.0482717
0.048096
0.0462103
0.0478011
0.0468518
0.047386
0.0454423
0.0445774
0.0456325
0.0435181
0.0423506
0.0455578
0.0446446
0.0439167
0.0424319
0.0466123
0.0460254
0.0438722
0.0472655
0.0476351
0.0479168
0.048137
0.0460928
0.0481985
0.0481612
0.047976
0.047723
0.0466741
0.047278
0.0447252
0.0450297
0.0431101
0.0422585
0.0449515
0.0440837
0.0431152
0.0423295
0.0459172
0.0469255
0.0464315
0.0439493
0.0472028
0.0475198
0.0476541
0.0478782
0.0480403
0.0459867
0.048082
0.0479936
0.0480008
0.047857
0.0475651
0.0467527
0.0471509
0.0463273
0.0443656
0.0451729
0.043485
0.042166
0.0449919
0.044239
0.0449898
0.0431157
0.0422356
0.0456621
0.0470714
0.0462489
0.0468229
0.0436646
0.0474129
0.04793
0.0477899
0.0458701
0.0479255
0.0478667
0.0476547
0.0473267
0.0467009
0.0462485
0.0469441
0.0444495
0.0451484
0.0455503
0.0435275
0.0420743
0.0443015
0.0449851
0.0429223
0.042142
0.0460686
0.0472932
0.0466556
0.0436582
0.0476014
0.0478272
0.0457662
0.0477871
0.0478392
0.0476672
0.0474725
0.0471609
0.0466482
0.0444056
0.0451013
0.0443691
0.0455888
0.0430812
0.0419795
0.0441952
0.0448806
0.0433227
0.0428095
0.0420474
0.0462358
0.047173
0.0467593
0.0435637
0.0474778
0.0476593
0.0477233
0.0456504
0.0462802
0.0476798
0.047504
0.0472098
0.0468093
0.0449376
0.0441352
0.0454817
0.0426239
0.0418856
0.0440921
0.0446845
0.043225
0.042693
0.0419519
0.0461174
0.0466471
0.0470652
0.0433197
0.0473593
0.0475413
0.0455392
0.0475508
0.0476113
0.0461743
0.0466897
0.04739
0.0471003
0.0447722
0.0438994
0.0453756
0.0447483
0.0426091
0.0417934
0.0437915
0.0426755
0.0418563
0.0460128
0.0465347
0.0470232
0.0434646
0.0450156
0.0474211
0.0472383
0.0474872
0.0453209
0.0455818
0.0474431
0.0460635
0.0472668
0.0466784
0.0469823
0.0443885
0.0440525
0.0453461
0.0447501
0.0417078
0.043221
0.042438
0.043584
0.0426012
0.0417687
0.0432876
0.045896
0.0464178
0.0468343
0.0471238
0.0439411
0.0448096
0.0452144
0.0473119
0.0473746
0.0459527
0.0473273
0.0465151
0.0471253
0.0468626
0.0436469
0.0457884
0.0444234
0.0451595
0.0416065
0.0438521
0.0430536
0.0426478
0.0416665
0.0427094
0.0463125
0.0467172
0.0470205
0.0444839
0.0458345
0.0451478
0.0471965
0.0472545
0.0463527
0.0470339
0.0472034
0.0467577
0.0439109
0.0429697
0.0457412
0.0451857
0.0445457
0.0415211
0.0429808
0.0438172
0.0421841
0.0415841
0.0462013
0.0466438
0.0468967
0.0470654
0.0446018
0.0457305
0.0450748
0.047144
0.0470827
0.0462891
0.0469274
0.0466327
0.0425617
0.0434494
0.0456992
0.0450423
0.0444369
0.041434
0.0437836
0.0426198
0.0414888
0.0460855
0.0464119
0.0467846
0.0469321
0.0470262
0.0469366
0.0445699
0.0440229
0.0454877
0.046024
0.045039
0.0469785
0.0468097
0.0465286
0.0426697
0.0432968
0.0458964
0.0454666
0.0447274
0.0437401
0.0413427
0.0429152
0.0419987
0.0413961
0.0462564
0.0465858
0.0467997
0.0469105
0.0468191
0.0445428
0.043866
0.0450027
0.0460134
0.0455119
0.046686
0.046864
0.046415
0.0420547
0.0429206
0.0458765
0.0451003
0.0445232
0.0439767
0.0432873
0.0412532
0.042221
0.0428132
0.0413058
0.0464165
0.0466773
0.0436979
0.0468036
0.0446539
0.0454007
0.0459083
0.046578
0.0467475
0.0462995
0.0422731
0.042869
0.0461607
0.04555
0.0449223
0.0441991
0.0433658
0.041168
0.0424332
0.0412184
0.0464533
0.046623
0.0434164
0.0440485
0.0443707
0.0466848
0.0466274
0.045411
0.0449674
0.0457944
0.0461816
0.0464672
0.0424859
0.045147
0.0463322
0.0460442
0.0456491
0.0443962
0.0436383
0.0429025
0.0410751
0.0417688
0.0411246
0.0464894
0.0465635
0.0430001
0.0437241
0.0447981
0.0465582
0.0464761
0.0453681
0.0458278
0.0461802
0.0422674
0.0445717
0.0450317
0.045439
0.0462249
0.0459414
0.043803
0.043388
0.042408
0.0415993
0.0409832
0.0424588
0.0410309
0.046403
0.0464609
0.0434693
0.0440707
0.0446135
0.0451998
0.0463783
0.0462347
0.0455761
0.0460343
0.0416458
0.0461379
0.0443983
0.044932
0.0454391
0.0458315
0.0438443
0.0429904
0.0421795
0.0409021
0.0430376
0.0422273
0.0409472
0.0462834
0.0463459
0.0462814
0.0438736
0.0444402
0.0454621
0.0449705
0.0461316
0.0458149
0.0408467
0.0459994
0.0461752
0.0442209
0.0448317
0.0453264
0.0457234
0.0435121
0.0427075
0.0408027
0.0418031
0.0435574
0.0427538
0.0418501
0.0462328
0.0461787
0.046019
0.0442646
0.0448645
0.0453584
0.0457464
0.0437317
0.0407632
0.0460543
0.0461215
0.0458939
0.0436901
0.0441228
0.044727
0.0452743
0.0449572
0.0456111
0.0428466
0.0420551
0.0407236
0.0414225
0.0428904
0.042216
0.0414025
0.0460769
0.0456286
0.0458797
0.0441577
0.0446904
0.0452576
0.043173
0.0406748
0.0459568
0.0460073
0.0459521
0.0457829
0.0431309
0.0440241
0.0446228
0.0454995
0.0452228
0.0421274
0.0406297
0.0413573
0.0425131
0.0422318
0.0428691
0.0414377
0.0457977
0.0451408
0.0455273
0.0440576
0.0446537
0.0434399
0.0428682
0.0459364
0.0405859
0.045763
0.0458984
0.0458461
0.0456776
0.0431224
0.043665
0.0441557
0.0446111
0.0450033
0.0453929
0.0418651
0.0405444
0.0411792
0.0425963
0.0422558
0.0412209
0.0456004
0.0447471
0.0452879
0.0439594
0.0431011
0.0405039
0.0455819
0.0457392
0.0457895
0.0457318
0.0455593
0.0452854
0.0432475
0.043812
0.0444102
0.0449034
0.0416566
0.0404645
0.0426913
0.042363
0.0416891
0.0443146
0.0453143
0.0446967
0.0450041
0.0438537
0.0431353
0.0404117
0.0411001
0.0454722
0.0451981
0.0456763
0.045631
0.0456561
0.0455721
0.0452956
0.0450501
0.0431176
0.0437201
0.0440379
0.0445078
0.041061
0.0420932
0.0403776
0.0423401
0.0424645
0.0416629
0.0443369
0.044824
0.0437492
0.0431666
0.0403227
0.0410844
0.0454929
0.0453555
0.045169
0.0448224
0.0454973
0.0455784
0.0454846
0.0453429
0.044692
0.0450739
0.0429306
0.0436155
0.0443368
0.0414794
0.0402884
0.0421418
0.042616
0.0425208
0.0418156
0.0442409
0.0436462
0.0430675
0.0454938
0.0402409
0.041015
0.0416539
0.0441271
0.0445575
0.0453984
0.0452529
0.0450299
0.0454696
0.0445871
0.0453922
0.0452411
0.0449712
0.0435157
0.0440349
0.0430307
0.0422243
0.0409795
0.040207
0.0416178
0.0424255
0.0436286
0.0430695
0.040146
0.0419884
0.0411149
0.0440331
0.0453018
0.0445066
0.0451491
0.0448774
0.0453535
0.0453009
0.0444801
0.0440031
0.044859
0.0451411
0.0434174
0.0427298
0.0419522
0.0401128
0.0410812
0.0427668
0.0434515
0.0400723
0.0421209
0.0414978
0.0443996
0.04393
0.0452015
0.0447376
0.0450407
0.0450213
0.0452527
0.0451794
0.0433866
0.0438937
0.0443851
0.0447561
0.0429055
0.0422005
0.0413238
0.0400363
0.0433468
0.0429371
0.0423884
0.0399821
0.0409776
0.0418018
0.0438239
0.0432454
0.0442086
0.0450873
0.0449381
0.0444745
0.0447388
0.04492
0.0451378
0.0450875
0.0432208
0.0438001
0.044274
0.0446536
0.0423285
0.0413914
0.0406473
0.0428621
0.0399503
0.0425775
0.0417603
0.0398973
0.0410822
0.0418684
0.0437264
0.0431504
0.0441959
0.04502
0.044761
0.0446672
0.0449756
0.0448149
0.0450361
0.0449315
0.043329
0.0438653
0.0442413
0.0445428
0.0422326
0.0410534
0.0424566
0.039865
0.0425445
0.0398128
0.0411151
0.0418425
0.0439925
0.0436201
0.0430551
0.0443068
0.0448169
0.0445894
0.0448693
0.0447159
0.0448507
0.0449277
0.0430267
0.0438275
0.0442943
0.0424304
0.0419569
0.0404757
0.0414431
0.0397796
0.0426612
0.0397268
0.0407148
0.041804
0.0422398
0.0429261
0.0439953
0.0432865
0.0436326
0.0443636
0.0447026
0.0445059
0.0447606
0.0447725
0.0448187
0.0435007
0.044151
0.0417687
0.0422535
0.0411046
0.0403762
0.039697
0.0427021
0.0410786
0.0396413
0.040305
0.0420536
0.0412173
0.0432242
0.0425085
0.0438894
0.0435613
0.0432443
0.0445128
0.044254
0.0446693
0.0443043
0.0444223
0.0446215
0.0447159
0.0438726
0.0396184
0.0415049
0.0412731
0.0402774
0.0427629
0.0435359
0.0417987
0.0395571
0.0403477
0.0413432
0.0431814
0.0427299
0.0420688
0.0438839
0.0432109
0.0445607
0.0441481
0.044408
0.044617
0.0441324
0.0443486
0.0445613
0.0437703
0.0413112
0.0395316
0.04068
0.041515
0.0426675
0.0421981
0.0414215
0.0394789
0.0408382
0.0402241
0.0425644
0.0421718
0.0431424
0.0426365
0.0440427
0.0437284
0.0432814
0.0445027
0.0444618
0.0443082
0.0444577
0.0440322
0.044272
0.0436663
0.0394501
0.0408103
0.0401032
0.0418827
0.0411328
0.0431277
0.0411591
0.0419061
0.0393872
0.0403204
0.0420725
0.042584
0.0430984
0.0425442
0.0441991
0.0439468
0.043586
0.0444032
0.0443545
0.0443501
0.0435618
0.0441934
0.043934
0.0393603
0.0420519
0.0402938
0.0406351
0.0412609
0.0430221
0.0434384
0.0405528
0.0412857
0.0415424
0.0425228
0.0393128
0.0420384
0.0430623
0.0425776
0.0442479
0.0440749
0.0438455
0.044112
0.044303
0.0442429
0.0434696
0.0438648
0.0392847
0.041521
0.0420093
0.0399397
0.0406512
0.0429286
0.0431607
0.0434709
0.0437379
0.0399012
0.0406194
0.0409793
0.0424652
0.0392249
0.0411034
0.0417565
0.0430181
0.0424393
0.0441522
0.043948
0.044139
0.043986
0.0441982
0.0433667
0.0437285
0.0392011
0.0414268
0.0419808
0.0399095
0.0406283
0.0428319
0.0434195
0.0438219
0.0399019
0.0403745
0.0404844
0.0423697
0.0418115
0.0391448
0.0410426
0.0424026
0.0428131
0.0440919
0.0440103
0.0438855
0.0440473
0.0432396
0.043519
0.0419518
0.0391204
0.0413338
0.0397123
0.0404487
0.0429985
0.0437928
0.0433537
0.0435999
0.0436636
0.0440283
0.0398854
0.0402706
0.0426231
0.0418683
0.0390654
0.0409743
0.0420554
0.042929
0.042482
0.0439186
0.0439885
0.0439426
0.0437896
0.0433861
0.0413849
0.0390428
0.0406166
0.0399089
0.0428494
0.0436877
0.0431748
0.0434407
0.0402176
0.0396633
0.0413171
0.0422548
0.0389822
0.0407213
0.0415891
0.0420243
0.0430687
0.0426223
0.0433546
0.0438434
0.0438918
0.0438423
0.0435864
0.0407764
0.0389659
0.0400996
0.0425399
0.0429868
0.0435919
0.0433441
0.0414052
0.0400587
0.039541
0.042018
0.0411844
0.0389026
0.04035
0.041337
0.0420196
0.042523
0.0429733
0.0432742
0.043791
0.0437458
0.0435049
0.0436984
0.0437102
0.0410574
0.0405601
0.0388827
0.039905
0.0424454
0.0428918
0.0434928
0.043243
0.0436398
0.0395264
0.0409695
0.0415783
0.0420386
0.0388214
0.0406165
0.0393753
0.0400316
0.04095
0.0420097
0.0415077
0.0424261
0.0428797
0.0432255
0.0436947
0.0434328
0.0436092
0.040326
0.0388001
0.0396544
0.0423488
0.0427957
0.0431449
0.0433967
0.0435508
0.0435861
0.0413615
0.0419434
0.0387451
0.0410815
0.0403623
0.0395555
0.0405976
0.0413457
0.0423288
0.0418531
0.0427358
0.0431337
0.0435227
0.0433603
0.0400156
0.0387269
0.0422532
0.0427015
0.0430451
0.043293
0.0434379
0.0434324
0.0434899
0.0417124
0.0386572
0.0397805
0.0412419
0.0405558
0.0385855
0.0403434
0.0410639
0.0416966
0.0422433
0.0426862
0.0430339
0.0432841
0.0386364
0.0395318
0.0397593
0.0416247
0.0422205
0.0426013
0.0431919
0.0429388
0.0433449
0.0433902
0.0433391
0.0391516
0.03984
0.0410738
0.0401912
0.0385007
0.0405388
0.0412231
0.041679
0.0421417
0.0425379
0.0429367
0.0431605
0.038565
0.0391312
0.039819
0.0415292
0.0419403
0.042506
0.0430919
0.0428527
0.0432453
0.0432851
0.0432378
0.0431336
0.0391519
0.039607
0.0408595
0.0402876
0.0384241
0.0401729
0.0409731
0.0416583
0.0420503
0.0424894
0.042947
0.0428398
0.0384835
0.0391674
0.0414439
0.0421474
0.042481
0.0429956
0.0427491
0.0431417
0.0431861
0.0431563
0.04306
0.0399041
0.0389942
0.0408413
0.040181
0.0383474
0.0407149
0.0398954
0.0411937
0.0414249
0.0419573
0.0424001
0.0427412
0.0384057
0.0389739
0.0423104
0.0413486
0.041877
0.0426543
0.0429016
0.0430404
0.0430937
0.0430426
0.0428938
0.038885
0.0395634
0.0407612
0.0400768
0.0382685
0.0404738
0.0393956
0.0409612
0.0416106
0.042097
0.0424895
0.038334
0.0412544
0.0422201
0.0417874
0.0425632
0.0428708
0.0429891
0.0429877
0.0429012
0.0426547
0.0388712
0.0393863
0.0401762
0.0406545
0.0381916
0.040512
0.0399347
0.03887
0.0410579
0.0415901
0.0422149
0.0423793
0.0418957
0.0382535
0.041168
0.0421289
0.0416906
0.0424606
0.0427048
0.0428524
0.0426965
0.042895
0.0428444
0.0425221
0.0390158
0.0396635
0.040274
0.0381191
0.0388524
0.0400287
0.0406294
0.0393629
0.0411524
0.0415563
0.0421109
0.0422662
0.0418323
0.0381745
0.0389999
0.0410813
0.0420798
0.0416015
0.0423664
0.0426296
0.0427461
0.0427991
0.0425984
0.0427556
0.0423935
0.0393649
0.039929
0.0406458
0.0409866
0.0380307
0.0388966
0.0406155
0.0396515
0.0410624
0.0415278
0.0420259
0.0393488
0.0381033
0.0415111
0.0422679
0.0419378
0.0425103
0.0426581
0.0427061
0.0425055
0.0426516
0.0422645
0.0410059
0.0396824
0.0405281
0.0403755
0.0391151
0.0379612
0.0414176
0.0406334
0.0400186
0.0396653
0.0409742
0.041497
0.0419274
0.0388806
0.0380153
0.0418025
0.0424132
0.0421799
0.0425693
0.0426028
0.0425665
0.0418308
0.0424138
0.0421376
0.0409014
0.0402095
0.0398003
0.0385089
0.0391766
0.0378803
0.0413222
0.0416631
0.0403637
0.039099
0.0397851
0.0409506
0.0414607
0.0379462
0.038551
0.0420873
0.042325
0.0424364
0.0424826
0.0425086
0.0424358
0.0417377
0.0420084
0.042317
0.0418374
0.0410033
0.0403276
0.0398699
0.0385105
0.0392092
0.0378062
0.041532
0.0404601
0.0391601
0.0398547
0.0409207
0.0413153
0.0378649
0.0384952
0.0419897
0.0422279
0.0423696
0.0423324
0.0424199
0.0416519
0.0418263
0.0420752
0.042181
0.0410886
0.0390706
0.0405333
0.0397651
0.0384951
0.0377321
0.0413905
0.0417233
0.0403714
0.0399352
0.0389363
0.0394751
0.0412268
0.0408289
0.0377917
0.0383421
0.0420394
0.0422232
0.042306
0.0423143
0.0422693
0.0421244
0.0415614
0.0420093
0.0411315
0.0408143
0.0395676
0.0389388
0.0400214
0.0382876
0.0376542
0.041052
0.0413898
0.0416701
0.04036
0.0390643
0.0397075
0.0405778
0.0377193
0.0386254
0.0420411
0.0421808
0.0422265
0.0421815
0.0419444
0.0412888
0.0416213
0.0407714
0.0410201
0.0417645
0.040537
0.0394664
0.0388021
0.0399412
0.0381734
0.0375798
0.0409662
0.0417983
0.041388
0.0400069
0.0393068
0.0402788
0.0376438
0.03816
0.0388871
0.0420033
0.0421125
0.0421273
0.0420468
0.0418729
0.0412514
0.0406295
0.0414463
0.0403828
0.0386541
0.0392733
0.0396993
0.0381605
0.0375044
0.0412875
0.040879
0.0418522
0.041552
0.0397323
0.0401047
0.0391274
0.0375704
0.0385216
0.0419943
0.0420387
0.0419934
0.0418457
0.0408634
0.0416119
0.0412002
0.04048
0.0404973
0.0400776
0.0391033
0.0395078
0.0374349
0.0381019
0.0412016
0.0407875
0.0417568
0.041528
0.0399887
0.0395237
0.0386803
0.0374926
0.038086
0.0419019
0.0418918
0.0419439
0.0417596
0.0415167
0.0407779
0.0411522
0.040334
0.0404118
0.039872
0.0386511
0.0391723
0.0373528
0.0381883
0.0406985
0.0414305
0.0411172
0.0416686
0.0418027
0.0398768
0.0391645
0.0384889
0.0374236
0.0418516
0.0418051
0.0416603
0.0414271
0.0411054
0.0406965
0.0401886
0.0401975
0.0396085
0.0389379
0.0372856
0.0378737
0.0384942
0.0402163
0.0410185
0.0406137
0.0413487
0.0415962
0.0417127
0.0395999
0.0389282
0.0397487
0.0381748
0.0373409
0.0417581
0.0417114
0.041548
0.0413364
0.041014
0.0405982
0.0401644
0.0397573
0.0390495
0.0392829
0.0401615
0.0372103
0.0378436
0.0387826
0.0397265
0.0409327
0.0405235
0.0412518
0.0414402
0.0416204
0.0416656
0.0391425
0.0383845
0.0396086
0.0372754
0.0378028
0.0416195
0.0410039
0.0414782
0.0412467
0.0405163
0.0400194
0.0407272
0.0384837
0.0401096
0.0371368
0.0378005
0.0390376
0.0395351
0.0404332
0.0408497
0.0411646
0.0414476
0.0415429
0.0415744
0.0414718
0.0391272
0.0386576
0.0395535
0.0371969
0.0378019
0.0382244
0.0414441
0.040952
0.0412438
0.0404275
0.0399326
0.0406625
0.0383556
0.0400133
0.041056
0.0370658
0.0376
0.0382267
0.039148
0.0398867
0.04035
0.040756
0.04121
0.0413727
0.041369
0.0414735
0.0414707
0.0388616
0.0393752
0.0371246
0.0376537
0.0382687
0.0412068
0.0409058
0.0403496
0.0398463
0.0409453
0.0369902
0.0374889
0.0380946
0.0387327
0.0393091
0.0398192
0.0402638
0.0406697
0.0411
0.0412494
0.0413451
0.0412071
0.0413427
0.04139
0.0393234
0.038824
0.0370527
0.0383045
0.0375667
0.0409793
0.0406588
0.0402568
0.0397633
0.0369183
0.0374788
0.0384227
0.0390888
0.0396765
0.0401813
0.0406954
0.0409764
0.0411476
0.0412517
0.0412981
0.0411946
0.0409784
0.0412795
0.039246
0.0388478
0.0383371
0.0369813
0.0374822
0.0405783
0.0401678
0.0396796
0.0391635
0.0411692
0.0407269
0.0403833
0.036847
0.0373422
0.0379885
0.0388007
0.0393071
0.0396446
0.0400967
0.0410295
0.040568
0.0408017
0.040861
0.0411674
0.0412098
0.04103
0.0411824
0.038587
0.0379435
0.0374653
0.0369103
0.0404872
0.0401825
0.0396031
0.0387926
0.0367782
0.0379305
0.0375045
0.0384541
0.0391403
0.0400068
0.0396452
0.040445
0.0407174
0.0409418
0.0407205
0.0409395
0.0410844
0.0411164
0.0410835
0.0383739
0.0376057
0.0368378
0.0399473
0.0395632
0.0404002
0.0391296
0.0384482
0.0366996
0.0382279
0.0378171
0.036633
0.0371452
0.0388729
0.0394416
0.0403161
0.0399201
0.0403139
0.0406237
0.0406333
0.0408517
0.0409836
0.0408536
0.040986
0.041032
0.0379266
0.0367738
0.0394297
0.039917
0.0388644
0.0382204
0.038338
0.0377606
0.0365612
0.0371447
0.0398815
0.0394257
0.0389642
0.039836
0.0402322
0.0405429
0.0407545
0.0402307
0.0405656
0.0407456
0.0408849
0.0409108
0.0409432
0.0374934
0.0366918
0.0376961
0.0390065
0.0393511
0.0384254
0.0384041
0.0375524
0.0364922
0.0370019
0.0392713
0.0398436
0.0397487
0.0393447
0.0388559
0.0406344
0.040149
0.0404533
0.0406711
0.0401401
0.0404498
0.0408103
0.0408103
0.0408536
0.0366275
0.0371876
0.0377513
0.0387082
0.0380631
0.0381586
0.0375095
0.0383895
0.0387009
0.0364245
0.0406414
0.0369405
0.0391835
0.0396655
0.0400556
0.0396683
0.0392491
0.0388257
0.0403701
0.0400623
0.0405854
0.0403635
0.0407164
0.0407347
0.0407646
0.0365517
0.0371354
0.0375436
0.0381293
0.0404708
0.03746
0.0382219
0.0386519
0.0363535
0.0405736
0.0368349
0.0374162
0.0395739
0.0391059
0.0399695
0.0402787
0.0395868
0.0387981
0.0392141
0.0402814
0.0399769
0.0405055
0.0406669
0.0406651
0.0364834
0.0375846
0.0369931
0.0381203
0.0380497
0.0386001
0.0362857
0.0404142
0.0405255
0.0372817
0.0368262
0.0378542
0.0385605
0.0394993
0.0390248
0.040034
0.0402501
0.0385047
0.0396896
0.039175
0.0400747
0.0405172
0.0404109
0.0405764
0.0405813
0.0364145
0.0376195
0.0369095
0.0376549
0.0398655
0.0397168
0.037891
0.040229
0.0362198
0.0389451
0.0403305
0.040462
0.0367779
0.0377019
0.0387418
0.0382525
0.0394223
0.0399199
0.0402687
0.0383565
0.0395639
0.0391781
0.040022
0.0404616
0.0405052
0.0363466
0.0368301
0.037276
0.0376932
0.0401632
0.0403427
0.036172
0.038873
0.0390529
0.0402504
0.0393417
0.0403602
0.0404238
0.0369178
0.0373003
0.0380876
0.0386149
0.0397281
0.0400279
0.0402071
0.0381033
0.0397283
0.0394381
0.0399735
0.0403856
0.0362806
0.0368201
0.0373237
0.0361454
0.0392745
0.0401826
0.0392818
0.0388117
0.038945
0.0399675
0.0396239
0.0403038
0.0403569
0.0376175
0.0377932
0.0384463
0.0399667
0.0401626
0.0384354
0.0378873
0.0396693
0.0403122
0.0362148
0.0367002
0.0371685
0.0392507
0.0401569
0.0392568
0.0387824
0.0401532
0.0387898
0.0399399
0.0396352
0.0402857
0.0376119
0.0403277
0.038241
0.0399379
0.0382346
0.0396389
0.0402815
0.0369116
0.0361661
0.0361395
