2 1 1 1641 2 
0.0360986
0.0366667
0.0363073
0.0364988
0.035873
0.0361502
0.0359893
0.0359148
0.0360908
0.035996
0.0309497
0.0314107
0.0356307
0.0353715
0.0318548
0.0322822
0.0350955
0.0326927
0.0348027
0.0344931
0.0330864
0.0357655
0.0360029
0.03602
0.035857
0.03
0.0354407
0.0358339
0.0304727
0.0306909
0.0311088
0.0315306
0.0355206
0.0352688
0.0319894
0.032421
0.0349836
0.0328095
0.0346946
0.0343887
0.0341667
0.0334633
0.0338234
0.0332068
0.035649
0.0358654
0.0358683
0.0357377
0.0299868
0.0351063
0.0353618
0.0356196
0.0304397
0.0308104
0.0312045
0.031691
0.0354268
0.0351539
0.0321423
0.0325248
0.0348862
0.032943
0.0346
0.0342986
0.0339132
0.0335669
0.0333024
0.0355564
0.0356517
0.0357685
0.0357658
0.0356412
0.0299736
0.0348232
0.0351639
0.0353346
0.0305176
0.0313968
0.0308828
0.0318651
0.0353091
0.0350653
0.0322379
0.032672
0.0348007
0.03303
0.0344753
0.0342073
0.0340153
0.03365
0.0333786
0.0354355
0.0357058
0.0355572
0.035662
0.0355268
0.0299606
0.0346026
0.0349105
0.0352978
0.0302579
0.0305635
0.0310976
0.0315856
0.0308022
0.031951
0.0352216
0.0349827
0.0324024
0.0327563
0.0347113
0.0331033
0.0344221
0.034116
0.0337349
0.0334564
0.0353503
0.0355952
0.0354321
0.0355638
0.0355373
0.0354394
0.0299477
0.0344111
0.0349527
0.0351668
0.0302475
0.0305077
0.0313023
0.0316573
0.0310207
0.0321288
0.0318521
0.0351413
0.0348675
0.0324779
0.0328246
0.0345003
0.0332145
0.0341895
0.0335959
0.0338602
0.0352705
0.0354302
0.0352376
0.0354734
0.0354391
0.0353568
0.0299357
0.0342165
0.0345226
0.0350337
0.0348091
0.0302148
0.0307403
0.031575
0.0313639
0.0310696
0.0321982
0.0319137
0.03502
0.0347497
0.0325422
0.0329052
0.0344742
0.0342267
0.033323
0.0336755
0.0339656
0.0351439
0.0353256
0.0351179
0.0353856
0.035344
0.0352254
0.029924
0.0340395
0.0348483
0.0343767
0.0346792
0.0304599
0.0307739
0.0316272
0.031294
0.031013
0.0322544
0.0319649
0.034843
0.0346337
0.0326796
0.0331496
0.0343595
0.0340656
0.0334259
0.033754
0.0350168
0.0352217
0.0350195
0.0352784
0.0352526
0.0350965
0.029911
0.0338857
0.0347354
0.0344977
0.0342459
0.0301941
0.030479
0.0307298
0.0316693
0.031338
0.0310458
0.0348584
0.0324093
0.0321119
0.0346929
0.0344561
0.0328122
0.0331816
0.0341495
0.0338241
0.0335259
0.0348928
0.0351582
0.0350066
0.0351717
0.0351641
0.0349697
0.0298984
0.0337414
0.0347905
0.0343759
0.0340841
0.0301832
0.0322518
0.0304451
0.030753
0.0318357
0.0313737
0.0310719
0.0347264
0.0325592
0.0345428
0.0343073
0.03294
0.0332923
0.0339506
0.0336205
0.0323901
0.0348338
0.0350942
0.0349839
0.0350648
0.0350807
0.0349445
0.0298866
0.0348193
0.0336081
0.0345425
0.0339631
0.0301613
0.0320664
0.0304566
0.0307712
0.0314764
0.0312531
0.0346762
0.0327033
0.0343948
0.0341544
0.0339506
0.0330623
0.0333967
0.0337098
0.0322583
0.0326211
0.0347813
0.0348225
0.0349966
0.0349877
0.0348465
0.03496
0.0298748
0.0346451
0.034363
0.0334853
0.0339799
0.0301619
0.0317596
0.030465
0.0309876
0.0314309
0.0345845
0.0344197
0.0329543
0.0341714
0.0337946
0.0332714
0.0334969
0.0320997
0.0324656
0.0327852
0.0319409
0.0346885
0.0347174
0.0348174
0.0349183
0.0349103
0.0347506
0.0348611
0.0298633
0.0345285
0.0342417
0.0333528
0.0338521
0.0301612
0.0316013
0.0307536
0.0311996
0.0344951
0.0343036
0.0330277
0.0340568
0.0338696
0.0335897
0.0333349
0.0323079
0.0326146
0.0321181
0.0317686
0.0345961
0.0346312
0.0347447
0.0347935
0.0347795
0.0348389
0.034551
0.0346954
0.0298512
0.0344289
0.034479
0.034133
0.0332314
0.0337349
0.030256
0.0306503
0.0314072
0.0310344
0.0344056
0.0341858
0.0327851
0.0330978
0.0339418
0.0336775
0.0333957
0.032456
0.0313956
0.0321069
0.0317571
0.0343685
0.03464
0.0347178
0.034503
0.0347232
0.0347474
0.0346411
0.0298392
0.0345135
0.0343094
0.0340092
0.0331156
0.0336123
0.0302441
0.0306387
0.031023
0.0341549
0.0312028
0.0339157
0.0327692
0.0330798
0.0336549
0.0333756
0.0324445
0.0322674
0.0315696
0.0319246
0.0343278
0.0346349
0.0346803
0.0342868
0.0344536
0.0345791
0.0346602
0.0298274
0.0345458
0.0344154
0.0342023
0.0338981
0.0330051
0.0334996
0.0302313
0.0306248
0.0310076
0.0341208
0.0313795
0.0338868
0.032751
0.0330603
0.0333539
0.0336301
0.0324236
0.0320879
0.0317397
0.0340862
0.0346011
0.0345903
0.0340503
0.0342443
0.0344034
0.034521
0.0298155
0.0345222
0.0344576
0.0343189
0.0340986
0.0337904
0.0328988
0.0333908
0.0302189
0.030612
0.0309943
0.0338575
0.0313655
0.0336049
0.0327334
0.0330406
0.0333318
0.0324068
0.0320724
0.031725
0.0338269
0.0345206
0.0337952
0.0344615
0.0340132
0.0342007
0.0343523
0.032796
0.0298036
0.0344502
0.0344436
0.0343706
0.0342242
0.0339978
0.033686
0.0332856
0.0302065
0.0305991
0.0309808
0.0335786
0.0313514
0.0333088
0.032715
0.0330202
0.0323897
0.0320565
0.0317101
0.0335512
0.0344024
0.0335229
0.0337624
0.0343005
0.033975
0.0341561
0.0331886
0.0326975
0.0297916
0.0344021
0.0343853
0.0343027
0.0341469
0.033912
0.0335934
0.030194
0.0305861
0.0309672
0.0332849
0.0313371
0.0329991
0.032696
0.0323721
0.0320403
0.031695
0.0332602
0.0332347
0.0343406
0.0342475
0.0334936
0.0337285
0.0341105
0.0339357
0.0334949
0.0330901
0.0326019
0.0297796
0.034333
0.0343082
0.0342179
0.0340558
0.0338161
0.030182
0.030574
0.0309552
0.0329774
0.0313249
0.0326768
0.032359
0.0320278
0.0316827
0.0329547
0.0329314
0.034279
0.0332083
0.0341937
0.0340639
0.0334634
0.0336937
0.0338954
0.0337226
0.0333992
0.0329946
0.0325092
0.0297675
0.034264
0.0342317
0.0341345
0.0339665
0.0301694
0.0305608
0.0309413
0.0326563
0.0313103
0.032341
0.032011
0.0316671
0.0326354
0.0342174
0.0326141
0.0329074
0.0341392
0.0331811
0.0340166
0.0338543
0.0334324
0.0336581
0.033879
0.0336313
0.0333061
0.0329019
0.0324191
0.0297555
0.034195
0.034156
0.0340524
0.0301568
0.0305476
0.0309273
0.0323223
0.0312954
0.0319938
0.0316512
0.0323033
0.0324472
0.0340941
0.0341659
0.0327477
0.033029
0.0340117
0.0332888
0.0339052
0.0337309
0.033524
0.0337935
0.0339719
0.0335423
0.0332156
0.0323318
0.0328119
0.0297435
0.0341286
0.0340818
0.0301442
0.0305343
0.0309132
0.0319763
0.0312804
0.031635
0.0319582
0.0322778
0.0325848
0.0341133
0.0340514
0.0328737
0.0331416
0.0339408
0.033386
0.0337897
0.0336033
0.0337101
0.0338931
0.0340084
0.0322472
0.0334557
0.0331277
0.0327247
0.0297321
0.0340539
0.0340605
0.0301317
0.030521
0.0308991
0.0316187
0.0312653
0.0319411
0.0322641
0.032563
0.0339966
0.033943
0.0338929
0.0331135
0.0328489
0.0337476
0.0330857
0.0333538
0.0335667
0.0336295
0.033817
0.0339374
0.0339951
0.0321661
0.0326409
0.0333714
0.033043
0.0297185
0.0301187
0.0339947
0.0339072
0.0305076
0.0319236
0.0308849
0.0315868
0.0312501
0.0316025
0.0322447
0.0325418
0.0338075
0.0337054
0.0338465
0.0329428
0.0328248
0.0331904
0.0335312
0.0333221
0.0334637
0.033687
0.0338418
0.0339323
0.0339638
0.0320891
0.0325589
0.0329583
0.0332874
0.0297074
0.0301067
0.0339062
0.0338356
0.0304949
0.0319081
0.031573
0.0312232
0.0308715
0.0312357
0.0322267
0.0325229
0.0337212
0.0336701
0.0330557
0.0327981
0.0334954
0.0332909
0.0339191
0.0335435
0.0337328
0.0338566
0.0334919
0.0338945
0.0320216
0.0324927
0.0328952
0.033228
0.0296978
0.0300964
0.0338527
0.0337638
0.030484
0.0320617
0.0317358
0.0313943
0.0310383
0.0308599
0.0322121
0.0325094
0.0327854
0.0336344
0.0330395
0.0332666
0.0334661
0.0338846
0.0336872
0.0338168
0.0333402
0.0335715
0.0338758
0.0338603
0.0319717
0.0324408
0.0328445
0.0331817
0.0296919
0.0300902
0.0337953
0.0336865
0.0304773
0.0318966
0.0315638
0.0312154
0.0308527
0.0319
0.0322129
0.0325096
0.0327816
0.0335388
0.0330307
0.0332011
0.0333568
0.033836
0.0337359
0.0334505
0.0336524
0.0338597
0.033872
0.0338307
0.0319663
0.0324346
0.0328501
0.0332035
0.0334909
0.0296943
0.030094
0.0337425
0.0336138
0.0304814
0.0319373
0.0315687
0.0312207
0.0308574
0.0316078
0.0322439
0.0325334
0.0327972
0.0334504
0.0330394
0.033258
0.033788
0.0337084
0.0338536
0.0339272
0.0339349
0.0337878
0.0338849
0.0320393
0.0325348
0.032978
0.0333767
0.0337127
0.0339683
0.0297214
0.0301185
0.0336537
0.0334911
0.0305095
0.032065
0.0317348
0.031258
0.0308897
0.0313756
0.0323511
0.0326382
0.0328781
0.0333059
0.0331013
0.032401
0.0341308
0.0341966
0.0341781
0.0340904
0.0337994
0.033957
0.0323235
0.0327843
0.0333323
0.033862
0.0343419
0.0347193
0.0297922
0.0301945
0.0336316
0.0334612
0.0305951
0.0328381
0.0320724
0.0317111
0.0309867
0.0313213
0.0329042
0.0331072
0.0332894
0.0336309
0.0325638
0.0349481
0.0349994
0.034909
0.0347034
0.0341974
0.0344468
0.0335473
0.0329782
0.0343443
0.0352557
0.036147
0.03684
0.0371966
0.0299641
0.030392
0.0339878
0.0338334
0.0335458
0.0308434
0.0333163
0.0321964
0.0317718
0.0313078
0.0336631
0.0337372
0.0358336
0.0356023
0.0329519
0.0371088
0.0367575
0.0361625
0.035546
0.0347821
0.0350667
0.0368148
0.0353217
0.0343644
0.0388678
0.0409757
0.0425574
0.0432312
0.0425275
0.0303454
0.0307958
0.0348817
0.0347164
0.0357306
0.0313208
0.0352365
0.0324633
0.0318899
0.0389628
0.0351055
0.0378236
0.0386108
0.0344183
0.0414224
0.0395819
0.0379228
0.0368555
0.0365165
0.0363963
0.0412894
0.0381327
0.0365207
0.0465097
0.0523965
0.0564816
0.0579636
0.0570333
0.0504872
0.0311308
0.0316783
0.0369937
0.0385489
0.0324513
0.0373993
0.0333817
0.0448075
0.0447453
0.04044
0.0430891
0.0358934
0.0464649
0.0429449
0.0399851
0.0385054
0.0393566
0.0382728
0.0578813
0.0487817
0.0429388
0.0406999
0.0652438
0.0692271
0.0702215
0.068424
0.0636289
0.0326405
0.0335382
0.0446013
0.0433031
0.0351788
0.0405169
0.0375425
0.0587715
0.0608768
0.0603228
0.0511898
0.0570321
0.0551537
0.0466318
0.042407
0.0408998
0.0415502
0.0789479
0.0704117
0.0576129
0.0491757
0.0460528
0.0837496
0.0850496
0.0830349
0.0775955
0.0684479
0.0352724
0.0367586
0.0538222
0.0641984
0.0711555
0.0535161
0.0402236
0.0460921
0.0663278
0.0728106
0.0714363
0.0720236
0.0872339
0.0559844
0.0484449
0.0461213
0.0477126
0.0811037
0.0891218
0.0792455
0.0643691
0.0516069
0.0553187
0.0928848
0.0928818
0.0891087
0.0813043
0.0692154
0.0558572
0.039289
0.0413633
0.0822028
0.0676227
0.0762583
0.08525
0.058383
0.0478216
0.0797601
0.0861858
0.0940199
0.0943744
0.0566975
0.0512206
0.0509813
0.0907594
0.0975231
0.0927823
0.080131
0.0681376
0.0566409
0.0600977
0.0999197
0.098138
0.0917688
0.0803064
0.0663992
0.0574535
0.0659222
0.0447206
0.0481695
0.056784
0.0905839
0.0797335
0.0896811
0.0708598
0.0810678
0.0992406
0.0979778
0.100706
0.0576782
0.054855
0.101328
0.0904027
0.104338
0.0806069
0.0709853
0.0638684
0.0601846
0.102228
0.0944226
0.0826792
0.0707672
0.06303
0.0698719
0.0626349
0.081233
0.050262
0.0543412
0.0641369
0.093867
0.0906935
0.0783406
0.100864
0.0922405
0.103533
0.100451
0.0603167
0.0884634
0.0974966
0.0944416
0.100028
0.0976479
0.0634212
0.0804727
0.0726164
0.0666185
0.0937138
0.0874617
0.0776649
0.0692799
0.0645695
0.0766215
0.0643039
0.0685188
0.0868353
0.0552699
0.059135
0.0676645
0.0957214
0.0797457
0.100775
0.0853812
0.094865
0.100554
0.086551
0.091387
0.0968386
0.093454
0.0951899
0.065833
0.0687826
0.0801223
0.0738293
0.0899672
0.0824816
0.0748665
0.0692453
0.0670292
0.0818895
0.0740544
0.068719
0.090052
0.0593336
0.0631005
0.0703968
0.0961045
0.0799648
0.0982051
0.08895
0.0956263
0.082947
0.0676175
0.0879885
0.0910607
0.0923166
0.0914752
0.0883362
0.0704252
0.0747602
0.0800026
0.0825799
0.0766458
0.0721716
0.0703388
0.0716187
0.0880378
0.0818369
0.0757923
0.0927636
0.0625563
0.0660064
0.0721301
0.0943147
0.0797442
0.0922617
0.0869881
0.0848878
0.0715291
0.0689225
0.0885236
0.0900729
0.0892429
0.0892522
0.0850323
0.0752903
0.0797006
0.0838948
0.0800047
0.0755441
0.072859
0.0726737
0.0741997
0.0769683
0.0867899
0.0818071
0.0912673
0.0900644
0.065019
0.0681769
0.0733462
0.0896123
0.0795399
0.0853922
0.0870514
0.0756376
0.0723359
0.0698505
0.0885068
0.0880033
0.0864658
0.0825068
0.0793561
0.0855237
0.0828757
0.0784251
0.0753572
0.0741174
0.0749822
0.0777589
0.0817033
0.0878893
0.0857212
0.0893686
0.0884879
0.066872
0.0697316
0.0741936
0.0843091
0.0793966
0.0868061
0.0789939
0.07582
0.0728771
0.0704883
0.0860576
0.0865235
0.0854238
0.0823528
0.0820343
0.085436
0.084285
0.0792026
0.076834
0.0758764
0.0765677
0.0787228
0.0817444
0.0873733
0.08476
0.0868411
0.0682199
0.0709071
0.0746911
0.079019
0.0830779
0.0802536
0.0853314
0.0811606
0.0732239
0.0786975
0.0758975
0.0709028
0.0845767
0.0857959
0.0845689
0.0821747
0.0832649
0.0843579
0.0843205
0.0797477
0.07794
0.0772274
0.0777947
0.0794748
0.0817851
0.0855464
0.0840419
0.0691757
0.0717082
0.0749689
0.078618
0.0820335
0.083893
0.0824011
0.0734047
0.0806573
0.0758792
0.0783989
0.0711525
0.0812578
0.0834361
0.084531
0.0821046
0.080242
0.0834047
0.0834074
0.0835742
0.0788395
0.078251
0.0786578
0.0799186
0.0816603
0.0833505
0.0844437
0.0698326
0.0722456
0.0751809
0.0783254
0.0820203
0.0816927
0.0826415
0.0757739
0.0734745
0.0801012
0.0780609
0.0712693
0.0795631
0.0819399
0.0839795
0.0834721
0.0805292
0.0793818
0.082917
0.0829631
0.0819208
0.0825616
0.0789363
0.0789375
0.0796171
0.0808808
0.0823331
0.0835084
0.0780195
0.0702669
0.0726011
0.0752689
0.0805352
0.0807369
0.0815199
0.0823649
0.0762164
0.0728936
0.0790373
0.0712975
0.0833273
0.0804401
0.082265
0.0832441
0.0797806
0.0823202
0.0818104
0.0809349
0.0818467
0.0793773
0.079624
0.0804327
0.0815646
0.0826488
0.0777471
0.0752634
0.0705422
0.0727976
0.0801706
0.080673
0.080209
0.0817036
0.0819197
0.0772371
0.0744622
0.0728578
0.078259
0.071259
0.0828258
0.0826151
0.0799571
0.0816439
0.0798802
0.0817731
0.0812165
0.0806513
0.0813487
0.0800384
0.0806234
0.0814449
0.0822303
0.075188
0.0774521
0.0728933
0.0706854
0.0809927
0.0798307
0.0803052
0.0815916
0.0815903
0.0813789
0.0758932
0.0743401
0.0728174
0.077115
0.0788648
0.0711654
0.0821975
0.081911
0.0809855
0.0794507
0.0802259
0.0813561
0.080891
0.0806375
0.0810483
0.0805065
0.0810621
0.0819639
0.0815657
0.0780488
0.0756294
0.0723202
0.0707391
0.0802554
0.080491
0.081745
0.081376
0.0811797
0.080718
0.0794752
0.0757114
0.074284
0.0726211
0.0768946
0.0778904
0.0710318
0.0816007
0.081171
0.0800747
0.0805212
0.0806305
0.0811547
0.0810998
0.0808028
0.0808339
0.081131
0.0815072
0.0787786
0.0766691
0.0738948
0.072298
0.0707162
0.0814502
0.0811551
0.0806811
0.0800097
0.078668
0.0756208
0.073989
0.0723877
0.0767785
0.0777369
0.0708707
0.0804514
0.0813106
0.0809929
0.0793471
0.0807352
0.080727
0.0810328
0.0808671
0.0810334
0.0808077
0.0809224
0.0811602
0.077663
0.0753347
0.0737828
0.07227
0.0706347
0.080834
0.0784997
0.080196
0.0792468
0.0752374
0.073663
0.0722582
0.0763407
0.0808212
0.0772787
0.0706876
0.0810589
0.0809342
0.0797606
0.0807322
0.0787317
0.0808257
0.0808266
0.0809724
0.0808919
0.0809249
0.0808505
0.0809418
0.0765614
0.0751581
0.073736
0.0720839
0.0705107
0.0804423
0.0784805
0.0796948
0.0748311
0.0735586
0.0719651
0.0758816
0.0808266
0.0805394
0.0767884
0.0776959
0.0704923
0.0808439
0.0805081
0.0790545
0.0796434
0.0775693
0.0808436
0.0808156
0.0808626
0.0808708
0.0808696
0.0807953
0.0808286
0.0763463
0.0750723
0.0734496
0.0718567
0.0703664
0.0799929
0.0789695
0.0808161
0.0747461
0.0731695
0.0718308
0.0758026
0.080616
0.080199
0.0771625
0.0783032
0.0702834
0.0805404
0.0800635
0.078366
0.0789609
0.0770894
0.0807683
0.0807535
0.0807699
0.0807173
0.080617
0.0756692
0.0744826
0.07296
0.0701919
0.0793433
0.0807232
0.0807036
0.0742829
0.0730897
0.0716394
0.0762821
0.0752941
0.0805655
0.0803285
0.0796246
0.0777852
0.0787907
0.0700827
0.0801573
0.0793822
0.077874
0.0784897
0.0765933
0.0806193
0.0806442
0.0806018
0.080312
0.0755387
0.0740562
0.0714623
0.0700045
0.0805803
0.0805811
0.074253
0.0726128
0.077034
0.0753011
0.080407
0.0804084
0.0798327
0.0791746
0.0783065
0.0698653
0.0797029
0.0789709
0.077371
0.0780042
0.0764492
0.0803909
0.0804886
0.0804028
0.0799288
0.0750479
0.0726641
0.0713369
0.0698043
0.0804713
0.0804635
0.0736708
0.0719789
0.0776751
0.0802344
0.0762298
0.0746605
0.0799638
0.0803615
0.0794635
0.0787345
0.0696614
0.079342
0.0785327
0.0772228
0.075916
0.0800961
0.0803071
0.0802204
0.0796217
0.0749297
0.0737759
0.0725939
0.0696121
0.0711535
0.0802923
0.0717058
0.0728991
0.0801963
0.0782077
0.0770444
0.0800198
0.0755732
0.0737886
0.0796562
0.0802104
0.079069
0.0694315
0.0789461
0.0778597
0.0766914
0.0694042
0.0798363
0.0801034
0.0800909
0.079996
0.0792713
0.0758203
0.0737693
0.0721294
0.0783788
0.0773411
0.0692072
0.0715061
0.0795338
0.0798357
0.0797249
0.0788055
0.0765818
0.0748273
0.0731961
0.0778909
0.0689809
0.0712391
0.072427
0.079145
0.0793909
0.078357
0.0772503
0.0757727
0.0741879
0.0733169
0.0787319
0.0778147
0.0766105
0.0751125
