2 1 1 1363 2 
0.079771
0.0880326
0.0841205
0.0864341
0.0801965
0.0915041
0.0945151
0.099066
0.0970417
0.0892585
0.0832459
0.086765
0.0805392
0.101654
0.100589
0.101978
0.102228
0.10218
0.102294
0.0998922
0.0960189
0.101161
0.0998992
0.0981813
0.101759
0.092857
0.0958522
0.0979186
0.0909873
0.088889
0.0839746
0.0865858
0.0809112
0.0868988
0.0903565
0.0934019
0.0788286
0.0830564
0.0853168
0.10179
0.102593
0.102441
0.10262
0.0989298
0.100604
0.101443
0.0947542
0.0969198
0.1006
0.0990472
0.101318
0.102306
0.0945002
0.0971904
0.092942
0.0911877
0.0873751
0.0840416
0.0812951
0.0881086
0.0917063
0.0927523
0.0792388
0.0821933
0.0856143
0.102501
0.103141
0.103129
0.102848
0.100342
0.102105
0.0954121
0.0979828
0.100042
0.101965
0.102883
0.0954603
0.0986066
0.0947374
0.0910754
0.087084
0.0816915
0.0876955
0.08996
0.0936617
0.0795578
0.0831512
0.0998419
0.103028
0.103522
0.103594
0.101467
0.102929
0.096693
0.09519
0.0987761
0.0998231
0.101357
0.102522
0.103252
0.0932889
0.0977678
0.095557
0.0972764
0.0853807
0.0906363
0.0884627
0.0820738
0.0885941
0.0960013
0.0934284
0.0916344
0.0798735
0.0828966
0.0861281
0.101395
0.0998587
0.103681
0.104015
0.103831
0.102638
0.103676
0.0981257
0.100559
0.102255
0.103255
0.0940624
0.0994678
0.0990432
0.0967818
0.0854684
0.0913902
0.0891139
0.0824855
0.0974762
0.0893446
0.0954001
0.091476
0.0801992
0.0834539
0.0867886
0.101493
0.103942
0.10427
0.104441
0.104797
0.103032
0.104374
0.099519
0.101802
0.103082
0.0937268
0.0964507
0.100973
0.0988926
0.0860405
0.0924393
0.0891008
0.0829151
0.0982556
0.0967405
0.0892674
0.0942369
0.0922429
0.0805427
0.0871107
0.0839754
0.102531
0.104473
0.103837
0.104779
0.105121
0.103767
0.105003
0.10073
0.102933
0.0953944
0.0958024
0.0986992
0.101409
0.0867204
0.0897487
0.0922951
0.0833702
0.0997911
0.0980462
0.0950113
0.0918363
0.0808928
0.0874643
0.084154
0.10353
0.104832
0.103958
0.105404
0.105343
0.104423
0.105122
0.105535
0.101858
0.102869
0.0949978
0.0980697
0.102313
0.100724
0.0869779
0.092615
0.083793
0.08865
0.100145
0.0965329
0.0930051
0.0900674
0.0812616
0.0873909
0.104649
0.105166
0.104116
0.105758
0.105618
0.105999
0.102039
0.104294
0.0958625
0.098905
0.101315
0.103232
0.0967176
0.0929461
0.0842988
0.0892109
0.10101
0.099251
0.0971002
0.094748
0.0907541
0.0816439
0.0882315
0.0849239
0.104545
0.105523
0.105576
0.105236
0.106255
0.10616
0.106356
0.104757
0.103179
0.0997547
0.104088
0.102372
0.0972302
0.0935925
0.0848025
0.0897162
0.098966
0.101703
0.0957962
0.0928579
0.0897196
0.0820004
0.0854467
0.105626
0.106284
0.106047
0.106708
0.106891
0.105569
0.103907
0.100472
0.104641
0.102779
0.0978675
0.0941125
0.0852397
0.0903031
0.0980438
0.100652
0.102775
0.0912054
0.094912
0.0870433
0.0824076
0.10603
0.106736
0.106538
0.107192
0.107089
0.105984
0.104678
0.103378
0.100962
0.105234
0.106415
0.10159
0.0947138
0.0985515
0.0857966
0.0909215
0.098467
0.100153
0.101065
0.103268
0.0916738
0.0954307
0.0875133
0.0827803
0.107467
0.107192
0.107095
0.107442
0.106362
0.105288
0.104037
0.105757
0.106946
0.10053
0.103299
0.0954392
0.0992817
0.0863286
0.0915221
0.107591
0.103732
0.0991191
0.10172
0.0922405
0.0959594
0.0879649
0.0832463
0.107865
0.107054
0.107578
0.106205
0.104957
0.105359
0.106769
0.107625
0.102435
0.104838
0.0961203
0.100012
0.0868741
0.0920861
0.108046
0.0873263
0.102232
0.103749
0.0995896
0.096521
0.092737
0.0884589
0.0836427
0.107946
0.106975
0.107604
0.106006
0.104609
0.106534
0.107595
0.108159
0.103171
0.105525
0.100634
0.0967532
0.0927117
0.10833
0.0878764
0.102699
0.100297
0.0840694
0.0970229
0.0933209
0.0889218
0.108236
0.107342
0.107913
0.10646
0.105144
0.107147
0.108075
0.108537
0.1038
0.106057
0.0975043
0.101444
0.0933331
0.0981945
0.108611
0.088372
0.103431
0.10079
0.084503
0.0894493
0.09773
0.0938238
0.108479
0.107676
0.10818
0.105674
0.106911
0.107782
0.108513
0.108812
0.108887
0.104766
0.106862
0.102423
0.0988589
0.0939409
0.105605
0.0887878
0.103917
0.101587
0.0849411
0.0899297
0.0944616
0.0982721
0.10866
0.108447
0.107986
0.106279
0.10749
0.108476
0.108932
0.108959
0.109215
0.107956
0.10643
0.103282
0.0996065
0.0944296
0.109147
0.0891394
0.102141
0.104777
0.0853688
0.0904659
0.0949848
0.0990631
0.108758
0.108546
0.108242
0.106882
0.107943
0.109472
0.10964
0.109126
0.10987
0.108901
0.107494
0.104081
0.100351
0.0949191
0.0893501
0.105517
0.102917
0.0857664
0.0909759
0.0956222
0.09977
0.108569
0.108768
0.108287
0.108545
0.106288
0.107781
0.109681
0.110157
0.109092
0.109705
0.110615
0.108723
0.105252
0.101035
0.095263
0.0893653
0.100485
0.103961
0.0914179
0.0861996
0.0963256
0.108505
0.108533
0.1087
0.108677
0.107035
0.108558
0.110735
0.109836
0.108946
0.111258
0.111632
0.110398
0.106358
0.11268
0.101665
0.0954297
0.0890827
0.101218
0.104912
0.091849
0.0865055
0.0969132
0.108318
0.108123
0.109191
0.108737
0.1084
0.109449
0.111354
0.109957
0.108614
0.113188
0.111762
0.10759
0.114567
0.102175
0.0953526
0.088467
0.0948609
0.102235
0.105969
0.092223
0.0867355
0.0974997
0.107946
0.10767
0.10972
0.108715
0.1094
0.11035
0.111965
0.109968
0.108067
0.114611
0.108708
0.113728
0.116218
0.102544
0.110103
0.0871989
0.0938834
0.103071
0.0980518
0.107257
0.0868181
0.0924457
0.107322
0.107096
0.108628
0.11031
0.111355
0.108367
0.110977
0.112644
0.107153
0.109721
0.113372
0.116172
0.118822
0.116248
0.102595
0.111861
0.0851218
0.0919627
0.0984583
0.104155
0.0866801
0.0924641
0.106472
0.105987
0.108446
0.111052
0.112916
0.113331
0.110211
0.110511
0.105053
0.107702
0.114169
0.118041
0.120646
0.122387
0.11977
0.102205
0.114083
0.123478
0.0819807
0.0889867
0.105457
0.0989053
0.086252
0.0922207
0.10498
0.108052
0.11191
0.114784
0.115124
0.112424
0.106543
0.10319
0.109117
0.104977
0.108555
0.115498
0.124505
0.128164
0.101294
0.116408
0.127712
0.0775213
0.0844754
0.099122
0.0853708
0.0916031
0.103188
0.113015
0.107476
0.118157
0.117362
0.107916
0.115096
0.100481
0.102705
0.107288
0.117552
0.134043
0.129517
0.098763
0.115344
0.128121
0.1264
0.0717459
0.0777257
0.0838825
0.098988
0.0904131
0.100481
0.114193
0.105865
0.122217
0.121724
0.109872
0.119404
0.0965667
0.0979626
0.119874
0.105424
0.115228
0.12646
0.0916195
0.104537
0.113823
0.112424
0.0659619
0.0702297
0.0815377
0.0985451
0.0884612
0.096687
0.115782
0.103885
0.128725
0.126872
0.112451
0.124139
0.0916192
0.092684
0.0866972
0.100108
0.10569
0.110964
0.077937
0.0913209
0.100607
0.0945702
0.062132
0.06462
0.0684362
0.0780933
0.0974245
0.0850702
0.0914532
0.117436
0.101662
0.129632
0.126381
0.112249
0.124996
0.0815956
0.079702
0.0896458
0.0920052
0.0929614
0.0752201
0.0759315
0.0721808
0.0763449
0.0604255
0.0621266
0.0643774
0.0733104
0.0805333
0.0948802
0.0970032
0.0846277
0.111184
0.117053
0.118786
0.110917
0.104759
0.0741645
0.0760656
0.0733842
0.06832
0.0705003
0.067646
0.0680656
0.0658887
0.0675463
0.0598883
0.0614155
0.0627351
0.0640315
0.0675508
0.0734784
0.0877228
0.0860038
0.0729607
0.096419
0.101149
0.0968661
0.0975039
0.0866309
0.068503
0.0656831
0.065312
0.0659907
0.0651395
0.0647252
0.0653447
0.0597988
0.0623658
0.0611836
0.0639348
0.0632754
0.0621754
0.0657314
0.0753927
0.0728838
0.0679784
0.0784675
0.0819149
0.0820899
0.071488
0.0743032
0.0648544
0.0639644
0.0633506
0.0641446
0.0645859
0.064286
0.0642348
0.0640795
0.0648341
0.0598882
0.0612634
0.0623855
0.0632431
0.0638092
0.0605272
0.0583081
0.0636286
0.0658676
0.064678
0.0661453
0.0662429
0.0644624
0.0615587
0.0626643
0.0627866
0.0624337
0.0630908
0.0636175
0.0641073
0.0639403
0.0641288
0.0600789
0.061444
0.0634004
0.0625879
0.0642173
0.0639674
0.0572666
0.0560958
0.0589053
0.0618126
0.0616501
0.0605872
0.0606257
0.0591347
0.058181
0.0610489
0.0617093
0.0623548
0.0630021
0.0635493
0.0640136
0.064241
0.0602857
0.0617003
0.0628605
0.0636633
0.064247
0.0644419
0.0551195
0.0569806
0.0559618
0.0602603
0.0581534
0.0595905
0.0589795
0.0571653
0.056336
0.0608688
0.0600438
0.0616169
0.0623525
0.0630464
0.0636538
0.0644825
0.0641758
0.0605125
0.061979
0.0631476
0.0639481
0.0645254
0.064687
0.0547256
0.0554596
0.0592685
0.0576516
0.0584654
0.0560373
0.0568229
0.0591458
0.0608109
0.0599644
0.0616105
0.0623968
0.0637893
0.0631383
0.0647068
0.0643526
0.0607934
0.0634413
0.0622812
0.0649194
0.0643055
0.0648029
0.0650258
0.0545676
0.0552765
0.0574813
0.0582948
0.0559057
0.0566804
0.0590845
0.0599399
0.0607985
0.0616403
0.0624652
0.0639377
0.0632441
0.0646148
0.0640752
0.0610767
0.06377
0.0626031
0.0651347
0.0651062
0.064629
0.0652873
0.0544893
0.055183
0.0574053
0.0582225
0.0558501
0.0565995
0.0590574
0.0599328
0.0608101
0.0616824
0.0625405
0.0634072
0.0648025
0.0642061
0.0613649
0.0640867
0.0629182
0.0653433
0.0653733
0.0649642
0.0655791
0.0544408
0.0551234
0.0573607
0.0581871
0.055801
0.0565541
0.0590367
0.0599293
0.0608266
0.0617152
0.0617444
0.0626134
0.0635137
0.0650015
0.0643269
0.0616833
0.0644469
0.0632359
0.0655857
0.0657006
0.0652609
0.0657951
0.0544033
0.0550785
0.0573136
0.0581557
0.0557538
0.0565127
0.0599246
0.0590152
0.060843
0.0617871
0.0627152
0.0636204
0.0651614
0.0636921
0.064471
0.0581227
0.0619694
0.065312
0.0636071
0.064847
0.0656136
0.0658493
0.066079
0.0660572
0.0543623
0.0550395
0.0572807
0.0564697
0.0557134
0.0599155
0.0589905
0.060857
0.0618193
0.0628105
0.0637662
0.0646224
0.0580935
0.0623526
0.0655155
0.0660862
0.0640074
0.0652091
0.0660321
0.0663788
0.0664097
0.054328
0.0549975
0.0572295
0.0556653
0.056431
0.0608602
0.0589608
0.059899
0.0618563
0.0647555
0.0628635
0.0638632
0.0580546
0.0571962
0.0664515
0.0627416
0.0643952
0.0657128
0.0664148
0.0664054
0.0656742
0.0667925
0.0667763
0.0542904
0.0549575
0.0556233
0.0563798
0.0608587
0.0598727
0.0589266
0.0649428
0.061872
0.0639513
0.0629108
0.0580007
0.0571449
0.0608509
0.0631058
0.0648702
0.0658937
0.0650431
0.0670262
0.0666332
0.0668624
0.0661574
0.0672386
0.0542507
0.0549129
0.0555716
0.0563234
0.0598454
0.0588887
0.0608386
0.0640228
0.061882
0.0629484
0.0579654
0.0570925
0.0635949
0.0653322
0.0640865
0.0660762
0.0651359
0.0673637
0.0668491
0.0665855
0.0675491
0.0673145
0.0542097
0.0548635
0.0555188
0.056279
0.0598119
0.0588434
0.0608226
0.0629909
0.0618834
0.0570388
0.0579112
0.0640402
0.0670786
0.065873
0.0641446
0.0630036
0.0662539
0.0652439
0.0670989
0.0679399
0.0677126
0.0678159
0.0541674
0.0548174
0.0554673
0.0562205
0.0597721
0.0587947
0.0607847
0.0618779
0.0569785
0.0578433
0.0618635
0.0664218
0.0645373
0.061839
0.0676763
0.0630083
0.0641898
0.0653383
0.0664217
0.0673355
0.0682841
0.0680393
0.0683988
0.0541258
0.0547639
0.0561541
0.055409
0.0597293
0.058743
0.0596824
0.0607467
0.0569175
0.0577829
0.0674786
0.0663633
0.065093
0.0607066
0.0613811
0.0625722
0.0683736
0.0635731
0.0648107
0.0660246
0.066928
0.0678886
0.0687658
0.0685528
0.054076
0.054712
0.0560925
0.0553501
0.0577243
0.0586658
0.0596231
0.0586066
0.0568382
0.0560325
0.0689572
0.0679399
0.0669527
0.0657121
0.0602336
0.0606884
0.063129
0.0621155
0.0691283
0.064161
0.0652308
0.0663258
0.0679067
0.0685922
0.0694682
0.0690826
0.0546583
0.0540271
0.0552814
0.0576536
0.0567757
0.0591461
0.0582127
0.0552237
0.0559615
0.0546053
0.0685285
0.0677578
0.0663981
0.059758
0.0604363
0.0697179
0.0616439
0.0631781
0.0698923
0.0647664
0.0658206
0.0668503
0.0680379
0.0690486
0.069507
0.0539755
0.0545441
0.0571233
0.0562146
0.057538
0.0584012
0.05498
0.0555662
0.0589427
0.0694356
0.0684815
0.0671801
0.0594395
0.0611664
0.0599602
0.0704533
0.0706217
0.0625214
0.0639408
0.0702132
0.0653982
0.0663993
0.0673901
0.0686291
0.0695098
0.0539281
0.0543226
0.0568915
0.0560187
0.0574441
0.058197
0.0547389
0.0551834
0.070125
0.0695183
0.0680872
0.0588185
0.059801
0.0618077
0.0606852
0.0713561
0.0710067
0.0632615
0.0646438
0.0703684
0.0660581
0.0679514
0.0690586
0.0538771
0.0542532
0.056522
0.0556567
0.0570683
0.057735
0.054651
0.055074
0.0713467
0.0704857
0.0691458
0.0584323
0.0590219
0.0602046
0.0614518
0.0721709
0.0716455
0.0631889
0.0712657
0.0642803
0.0654018
0.0699062
0.0667386
0.0685345
0.0538244
0.0542136
0.0572821
0.0555265
0.0561622
0.0567019
0.0550695
0.0546272
0.0721645
0.0622639
0.0719006
0.0704903
0.0579021
0.0597322
0.0585627
0.0732529
0.0608741
0.0718673
0.0631081
0.070369
0.0647057
0.0660622
0.0691441
0.0674454
0.0537704
0.0541379
0.0568806
0.0563651
0.0558809
0.0549438
0.0545282
0.0733015
0.0619207
0.0734693
0.0722012
0.0574308
0.0603419
0.0742186
0.0592652
0.0580175
0.072891
0.0615739
0.0717125
0.0639948
0.0628473
0.0699241
0.0651603
0.0667441
0.0681784
0.0537143
0.0541016
0.0558802
0.0563971
0.0553939
0.0548827
0.0545169
0.07515
0.0750844
0.0569558
0.0756428
0.0600059
0.0739785
0.0586408
0.0575552
0.0725685
0.0621737
0.0606582
0.0703174
0.0642927
0.0632071
0.06856
0.0656237
0.0671165
0.0536569
0.0540183
0.0559772
0.0554515
0.0549168
0.0544062
0.077875
0.08
0.0565497
0.0749104
0.0758333
0.0593023
0.0731351
0.0581948
0.0571688
0.0710571
0.0604214
0.0616243
0.0694667
0.0635275
0.0645971
0.0676789
0.0660206
0.0535977
0.0555703
0.0539272
0.055003
0.0544892
0.0563011
0.073875
0.06
0.058875
0.072
0.0578333
0.056875
0.0702083
0.0625
0.056
0.0612083
0.0685
0.0680405
0.063875
0.0649341
0.0664042
0.0552083
0.053536
0.0547284
0.0539011
0.0543812
0.066875
0.0653333
0.0545
0.0534726
0.0541255
0.053789
0.053875
0.0533999
0.0533333
