2.5    -0.5    0.0689809
2.5    -0.489899    0.0694557
2.5    -0.479798    0.0699304
2.5    -0.469697    0.0704052
2.5    -0.459596    0.07088
2.5    -0.449495    0.0713411
2.5    -0.439394    0.0717597
2.5    -0.429293    0.0721783
2.5    -0.419192    0.0725969
2.5    -0.409091    0.0730155
2.5    -0.39899    0.073418
2.5    -0.388889    0.0737791
2.5    -0.378788    0.0741402
2.5    -0.368687    0.0745013
2.5    -0.358586    0.0748625
2.5    -0.348485    0.0752052
2.5    -0.338384    0.0755064
2.5    -0.328283    0.0758077
2.5    -0.318182    0.0761089
2.5    -0.308081    0.0764102
2.5    -0.29798    0.0766917
2.5    -0.287879    0.0769338
2.5    -0.277778    0.077176
2.5    -0.267677    0.0774181
2.5    -0.257576    0.0776603
2.5    -0.247475    0.0778815
2.5    -0.237374    0.078066
2.5    -0.227273    0.0782505
2.5    -0.217172    0.0784349
2.5    -0.207071    0.0786194
2.5    -0.19697    0.0787836
2.5    -0.186869    0.0789161
2.5    -0.176768    0.0790486
2.5    -0.166667    0.0791812
2.5    -0.156566    0.0793137
2.5    -0.146465    0.0794283
2.5    -0.136364    0.0795177
2.5    -0.126263    0.0796072
2.5    -0.116162    0.0796966
2.5    -0.106061    0.079786
2.5    -0.0959596    0.0798596
2.5    -0.0858586    0.0799135
2.5    -0.0757576    0.0799673
2.5    -0.0656566    0.0800212
2.5    -0.0555556    0.080075
2.5    -0.0454545    0.0801136
2.5    -0.0353535    0.0801351
2.5    -0.0252525    0.0801566
2.5    -0.0151515    0.0801781
2.5    -0.00505051    0.0801996
2.5    0.00505051    0.080209
2.5    0.0151515    0.0802061
2.5    0.0252525    0.0802033
2.5    0.0353535    0.0802005
2.5    0.0454545    0.0801976
2.5    0.0555556    0.0801776
2.5    0.0656566    0.0801421
2.5    0.0757576    0.0801066
2.5    0.0858586    0.0800711
2.5    0.0959596    0.0800356
2.5    0.106061    0.0799793
2.5    0.116162    0.0799061
2.5    0.126263    0.079833
2.5    0.136364    0.0797599
2.5    0.146465    0.0796867
2.5    0.156566    0.0795874
2.5    0.166667    0.0794693
2.5    0.176768    0.0793512
2.5    0.186869    0.0792331
2.5    0.19697    0.0791151
2.5    0.207071    0.0789633
2.5    0.217172    0.0787901
2.5    0.227273    0.0786169
2.5    0.237374    0.0784437
2.5    0.247475    0.0782705
2.5    0.257576    0.0780586
2.5    0.267677    0.0778246
2.5    0.277778    0.0775907
2.5    0.287879    0.0773567
2.5    0.29798    0.0771228
2.5    0.308081    0.0768477
2.5    0.318182    0.0765518
2.5    0.328283    0.0762559
2.5    0.338384    0.07596
2.5    0.348485    0.0756642
2.5    0.358586    0.0753247
2.5    0.368687    0.0749658
2.5    0.378788    0.0746069
2.5    0.388889    0.074248
2.5    0.39899    0.0738891
2.5    0.409091    0.0734865
2.5    0.419192    0.0730669
2.5    0.429293    0.0726472
2.5    0.439394    0.0722276
2.5    0.449495    0.071808
2.5    0.459596    0.0713441
2.5    0.469697    0.070866
2.5    0.479798    0.0703878
2.5    0.489899    0.0699096
2.5    0.5    0.0694315
