2 1 1 4680 2 
0.0322917
0.0318667
0.0327
0.0334667
0.0330917
0.033825
0.0341667
0.0360917
0.0363
0.0359794
0.0358667
0.035625
0.0353667
0.0350917
0.0344917
0.0348
0.0366667
0.0364917
0.0362638
0.031425
0.0309667
0.0315625
0.03185
0.0322236
0.0327332
0.0330745
0.0334513
0.0338085
0.0341494
0.0360815
0.0359107
0.0358272
0.0344731
0.035595
0.0353764
0.0350724
0.0352142
0.0347818
0.0358331
0.0359378
0.0360485
0.0304917
0.03
0.0311324
0.0307197
0.031392
0.0318337
0.032362
0.0320837
0.0327661
0.0330581
0.0334332
0.0337911
0.0344549
0.0341317
0.0359571
0.0358075
0.0357586
0.0356116
0.0346871
0.0353794
0.0350516
0.0352913
0.0356334
0.0356986
0.0299859
0.0304672
0.0309344
0.0314047
0.0317547
0.0323964
0.0320981
0.0327984
0.0331125
0.0334149
0.033773
0.0341135
0.0344366
0.0357468
0.0356968
0.0356794
0.0355028
0.0347398
0.0352808
0.035022
0.0349419
0.0352542
0.0354348
0.0299687
0.0303336
0.0306083
0.031019
0.0314163
0.0318003
0.0321123
0.0324308
0.0328304
0.033213
0.0335785
0.0339269
0.034567
0.0342578
0.0355643
0.0355908
0.0354486
0.0348562
0.0351202
0.0346623
0.0353888
0.0349126
0.0299533
0.0302764
0.0305367
0.0311069
0.0313805
0.0317837
0.032152
0.0324656
0.033311
0.0330074
0.0336047
0.0338652
0.0342745
0.0345058
0.035472
0.0353479
0.0354786
0.0353653
0.0352238
0.0348573
0.0350448
0.0344128
0.034707
0.0350588
0.0351532
0.0299395
0.0307901
0.0302562
0.0309466
0.0314545
0.0317675
0.0321921
0.0325982
0.0328926
0.0333624
0.0336302
0.0340524
0.0346531
0.034366
0.0353528
0.0353544
0.0352817
0.0347792
0.0351257
0.0349704
0.0338532
0.0351784
0.0341828
0.0345457
0.0348947
0.035118
0.0299247
0.0305002
0.0311166
0.0314068
0.031805
0.0321737
0.0325817
0.0333421
0.0329713
0.0336522
0.034027
0.0342996
0.0346197
0.0352519
0.0351876
0.0348894
0.0350594
0.0351334
0.0350454
0.0340003
0.0346851
0.0348108
0.0337959
0.0307696
0.0299096
0.030389
0.0310356
0.0314536
0.0317342
0.0321584
0.0325638
0.032951
0.0333229
0.0336731
0.0340017
0.0345751
0.0343058
0.0348105
0.0351106
0.0349977
0.0350448
0.0349133
0.0347668
0.034403
0.0344425
0.0336361
0.0306167
0.0298959
0.0298792
0.0308387
0.0312945
0.0314319
0.0317652
0.0321396
0.0325014
0.0329333
0.0333417
0.0336502
0.0342687
0.0340089
0.034537
0.0349186
0.0347565
0.0350125
0.0347825
0.0349509
0.0346501
0.0343803
0.0339908
0.0334741
0.0303666
0.0298656
0.0305153
0.030942
0.0311224
0.0314638
0.0321226
0.0317966
0.0326145
0.0323614
0.0329134
0.0336232
0.0333581
0.0338767
0.0342956
0.0344883
0.0346978
0.0349233
0.0348503
0.0346158
0.034796
0.0342741
0.0338964
0.0333284
0.0298511
0.030186
0.0305816
0.0308067
0.0311686
0.0321059
0.0315182
0.032148
0.0326397
0.0331379
0.0335977
0.0339098
0.034194
0.0344373
0.0346336
0.0347691
0.034826
0.0347205
0.0343986
0.0346
0.0340997
0.0336896
0.0331897
0.0308309
0.0298371
0.030213
0.030485
0.0309604
0.0314154
0.0318549
0.0324875
0.0321904
0.0328704
0.0332315
0.0335687
0.0338791
0.0342633
0.0344942
0.034633
0.0347274
0.0346494
0.034275
0.0344568
0.0339418
0.0335175
0.0330485
0.0298234
0.0304864
0.0301569
0.0304871
0.0309595
0.0311764
0.0316331
0.0318837
0.0324685
0.032193
0.033011
0.0332824
0.0335377
0.0341086
0.0338415
0.0344198
0.0342342
0.0345758
0.0346365
0.0345782
0.0345301
0.0341499
0.034315
0.0337825
0.0344605
0.0327103
0.0333639
0.0329211
0.0298089
0.03016
0.0304881
0.0308075
0.0311181
0.0315216
0.031912
0.0324485
0.0329453
0.0332357
0.0335062
0.0338023
0.0340623
0.0341733
0.0343396
0.0345065
0.034496
0.0345377
0.0344418
0.0342637
0.0339867
0.0336208
0.0327962
0.0332727
0.0297947
0.0301227
0.0304292
0.0307281
0.0310196
0.031419
0.0320284
0.0317283
0.0324251
0.0327993
0.0331514
0.0334733
0.0337619
0.0339634
0.0340744
0.0342582
0.0343649
0.0344361
0.034447
0.0343592
0.0339953
0.0342174
0.0336364
0.0326847
0.0334628
0.0331146
0.0297801
0.0301467
0.0304896
0.0313023
0.0308221
0.0317093
0.0324015
0.0320537
0.0327759
0.0331201
0.0337217
0.0334413
0.033942
0.0341647
0.034301
0.0343497
0.0343662
0.0342563
0.0340728
0.0337691
0.0335881
0.0341385
0.0325598
0.0331388
0.0297663
0.0300928
0.0303984
0.0297503
0.0306961
0.0315751
0.0311448
0.031988
0.0327486
0.0323809
0.0330921
0.0334039
0.0336821
0.033915
0.0341015
0.0342265
0.0342849
0.0342641
0.0339197
0.0332913
0.0336011
0.0340735
0.0324577
0.0328087
0.0302317
0.0304496
0.0297366
0.030857
0.031595
0.0312654
0.0320118
0.0323555
0.0330596
0.0326822
0.0333345
0.033636
0.0340389
0.0338657
0.0341617
0.0342056
0.0341667
0.0338628
0.0335471
0.0332194
0.0340052
0.0323485
0.032754
0.0330034
0.0300894
0.0304829
0.0297213
0.0308879
0.0316126
0.0312951
0.0319447
0.0323313
0.032615
0.033265
0.0330271
0.0327926
0.0335943
0.0339786
0.0338553
0.0340854
0.0341229
0.0340821
0.0337626
0.0333666
0.0339106
0.0334013
0.0322472
0.0325974
0.0329275
0.0300781
0.0305004
0.0297074
0.0308685
0.0315075
0.0320554
0.031797
0.0322739
0.0325517
0.0329961
0.0332004
0.0336978
0.0337886
0.0340162
0.0339239
0.0340438
0.0339906
0.0332574
0.0336326
0.0338236
0.0335389
0.0321538
0.0328504
0.0324943
0.0300229
0.0304346
0.0296957
0.0312215
0.030908
0.0305852
0.0316511
0.0320769
0.0324848
0.0327862
0.0331297
0.0333698
0.0336276
0.0338622
0.0339546
0.0339683
0.0339017
0.0331852
0.0335057
0.0337485
0.032063
0.0327885
0.0323908
0.030031
0.0296884
0.0313809
0.0310056
0.0306355
0.0316119
0.0318931
0.0322698
0.0326185
0.0329369
0.0332212
0.0334664
0.0336631
0.0338083
0.0338894
0.0339057
0.0338729
0.0330527
0.0333281
0.033546
0.0337098
0.0319932
0.0323925
0.0326907
0.0303993
0.0303217
0.0296937
0.031113
0.0307001
0.031498
0.0319056
0.0322784
0.0325616
0.0328261
0.033205
0.03344
0.0336037
0.0337324
0.0338332
0.0338637
0.0338154
0.0329946
0.0333133
0.0335419
0.0337051
0.0330436
0.031966
0.0323919
0.0328063
0.0305356
0.0300803
0.0297327
0.0310618
0.0318291
0.0320044
0.0323528
0.0326776
0.0329015
0.0332227
0.033455
0.0337913
0.0336465
0.0338654
0.0338948
0.0338344
0.0333445
0.0336226
0.0337601
0.032042
0.0329273
0.0333459
0.0310423
0.0306857
0.0301465
0.0299012
0.0303867
0.031725
0.0322797
0.0323118
0.0326952
0.0329475
0.0331338
0.0333828
0.0335542
0.033947
0.0337452
0.0341865
0.0341094
0.0341102
0.0338676
0.0341366
0.0324097
0.0324833
0.0330711
0.0337279
0.0343421
0.0340691
0.0316951
0.0308766
0.0314608
0.0330594
0.0334482
0.0336312
0.033663
0.0337323
0.0337921
0.0339912
0.0345738
0.0349326
0.0342171
0.0351229
0.0352828
0.0347747
0.0342968
0.033358
0.033489
0.0350136
0.0359923
0.0363154
0.0347377
0.0328257
0.0335978
0.0329889
0.0365449
0.0370898
0.0369964
0.0362624
0.035615
0.0352593
0.0355374
0.0349137
0.0389791
0.0373908
0.0359422
0.0387428
0.0383508
0.0363322
0.0360449
0.0372708
0.0405204
0.0430461
0.0382166
0.0380013
0.0380888
0.0374341
0.042943
0.0479056
0.0500901
0.0478489
0.0447737
0.0414232
0.0380965
0.037453
0.0385062
0.0494283
0.0456742
0.0408711
0.0607664
0.0513673
0.0500577
0.0404818
0.0549709
0.0552472
0.0441004
0.043852
0.0416312
0.048818
0.0571299
0.0523198
0.0650076
0.069486
0.0700003
0.0666061
0.0554841
0.0477634
0.0434297
0.0425175
0.0443434
0.0520864
0.0691244
0.0624039
0.073631
0.0711835
0.0462789
0.0732835
0.0544726
0.0499241
0.0507306
0.0714663
0.0612916
0.0757414
0.0842684
0.0881072
0.0824232
0.0724946
0.0571603
0.0498609
0.0500451
0.0797552
0.0877586
0.057944
0.0728841
0.0881371
0.0838687
0.0885108
0.0536196
0.0543224
0.0678752
0.0809448
0.0556767
0.0601858
0.0717799
0.087678
0.0806883
0.0965768
0.100647
0.097603
0.0875171
0.0719523
0.0559836
0.0599258
0.0617762
0.0638018
0.0932669
0.0989283
0.0842906
0.103735
0.0939629
0.102324
0.0843062
0.0594042
0.0609366
0.0713205
0.0600724
0.0614499
0.0685923
0.0805312
0.0762219
0.090606
0.0988892
0.100619
0.0979181
0.0879735
0.0750476
0.0713912
0.0628488
0.0641221
0.0667886
0.0686207
0.0767884
0.100513
0.0867457
0.103774
0.100525
0.0931414
0.0635239
0.0894825
0.079825
0.0728378
0.0636749
0.0651751
0.0673003
0.0743294
0.086047
0.0822508
0.0955312
0.0931343
0.0940341
0.0863416
0.0769335
0.0695784
0.0676924
0.0962011
0.0715796
0.0785643
0.0985075
0.0870369
0.0957314
0.091817
0.0655915
0.0856465
0.0778384
0.0670102
0.0709169
0.0690584
0.0704857
0.0763748
0.0887501
0.078866
0.0835365
0.0917775
0.0900486
0.0849463
0.0784415
0.073393
0.0715121
0.0739836
0.0943698
0.0797788
0.0925106
0.0869404
0.0867609
0.0901084
0.0673738
0.0798441
0.0739681
0.0689784
0.0702467
0.0731604
0.0777236
0.0865922
0.08851
0.0826116
0.0879493
0.0836275
0.0794407
0.0756344
0.0744528
0.0758269
0.0804549
0.0912993
0.0851145
0.0898335
0.082253
0.0873675
0.0684425
0.0785855
0.0758184
0.071946
0.0706392
0.0705652
0.073742
0.0774579
0.0862326
0.0814167
0.0848801
0.0857728
0.0824948
0.0799435
0.0772911
0.0764405
0.0784621
0.0810903
0.0888006
0.0879289
0.0857345
0.0833353
0.0805748
0.0833887
0.0861431
0.0690966
0.0771632
0.0732398
0.0715691
0.0724572
0.074911
0.0783081
0.0810195
0.0845657
0.0835409
0.0842598
0.0825976
0.0803554
0.0794861
0.0781296
0.0780903
0.079094
0.0815116
0.0871182
0.0851972
0.0770168
0.079801
0.0833268
0.0850136
0.0713533
0.0695426
0.0742998
0.0721326
0.0758222
0.0796143
0.0816548
0.0832329
0.0831558
0.0821571
0.0805591
0.0790859
0.0791813
0.0799859
0.0812862
0.0828758
0.0845257
0.0854765
0.0854412
0.0768134
0.0841962
0.0792246
0.0818751
0.0735846
0.071445
0.0755075
0.0697677
0.0743823
0.0724633
0.0781302
0.0804441
0.0820762
0.0821121
0.0823907
0.0812483
0.0804131
0.0799063
0.0798491
0.0805402
0.0818738
0.0833519
0.0843584
0.0844021
0.0765361
0.0830369
0.07838
0.0808969
0.0732935
0.0717465
0.0749521
0.0770854
0.0698476
0.0715075
0.0743612
0.0725824
0.0792043
0.0816541
0.0808914
0.0816142
0.0810848
0.0805221
0.0802989
0.0807468
0.0809083
0.0818978
0.0829684
0.0836307
0.0835415
0.0761679
0.0777468
0.0817706
0.0798083
0.0736229
0.0763596
0.0782405
0.0698337
0.0730841
0.074564
0.072566
0.0797091
0.0811458
0.080759
0.0812089
0.0809028
0.0806728
0.0806859
0.0811652
0.082075
0.0826144
0.0827582
0.0830107
0.0822449
0.0763908
0.0790343
0.080777
0.0752547
0.0745024
0.0774709
0.0790414
0.0697251
0.072183
0.0731514
0.0757681
0.0742351
0.0724615
0.0800227
0.0807068
0.0809208
0.0808816
0.0808215
0.0809209
0.0813118
0.0819023
0.0823
0.0824947
0.082174
0.0813454
0.0779161
0.0799847
0.0771148
0.0750287
0.0765871
0.0783142
0.0795532
0.0695922
0.0713212
0.0731936
0.07226
0.0748028
0.080328
0.0806784
0.0808112
0.0808866
0.0810612
0.0813711
0.0817569
0.0820537
0.0757857
0.0820699
0.0816203
0.0806271
0.0790949
0.0773807
0.0750021
0.0767288
0.0780696
0.0791432
0.0799885
0.0694184
0.071261
0.073134
0.072068
0.0743989
0.0804802
0.080718
0.0809008
0.0813625
0.081129
0.0816062
0.0817819
0.0817071
0.0764565
0.0804178
0.0811578
0.079358
0.0779739
0.0760484
0.0749384
0.0774899
0.0790326
0.079678
0.0802531
0.0692266
0.0711398
0.0726601
0.0717973
0.0736729
0.0808577
0.0806142
0.0814422
0.0810828
0.0813011
0.0815239
0.0814078
0.0813868
0.0807446
0.0755363
0.0777498
0.0797546
0.0764523
0.074987
0.0781049
0.0794226
0.0803847
0.0802153
0.0690282
0.0714368
0.0730595
0.0715239
0.0734745
0.0810212
0.080784
0.0813037
0.0811862
0.0754908
0.0741716
0.0812874
0.080249
0.0808283
0.0809412
0.0769629
0.0787093
0.0776461
0.0764383
0.0750287
0.0786405
0.0795609
0.0805435
0.0800799
0.0734309
0.0688191
0.0717111
0.0742008
0.0712617
0.080942
0.0811464
0.0811021
0.0754589
0.0727899
0.0810487
0.0797334
0.0804173
0.0790159
0.077474
0.0779071
0.0753927
0.0764974
0.0788976
0.079639
0.0805535
0.0801794
0.0808077
0.0728593
0.0685872
0.0711922
0.0748037
0.0709608
0.080958
0.0809665
0.080791
0.0754186
0.0727668
0.0803698
0.0753355
0.0796659
0.0785453
0.0770919
0.0776496
0.0764529
0.0781497
0.0789451
0.079541
0.0799974
0.08063
0.0804034
0.0807738
0.0738849
0.0722409
0.0683549
0.0697537
0.0731901
0.0764101
0.0754224
0.0706598
0.080782
0.0805436
0.0801708
0.0736551
0.072246
0.0747869
0.0796222
0.0763514
0.0787679
0.0776745
0.0773939
0.0786206
0.0792254
0.0802417
0.0798214
0.0804704
0.0805033
0.0806257
0.0805564
0.0747539
0.0710622
0.0681477
0.0740453
0.0722405
0.0771445
0.0760019
0.0703597
0.080382
0.0798165
0.0736539
0.0720126
0.0757832
0.0790407
0.0772051
0.0782052
0.078296
0.079014
0.0795789
0.0800818
0.0803258
0.0804518
0.0803654
0.0755961
0.0744279
0.0678959
0.0701892
0.0725355
0.0707474
0.0779672
0.0769114
0.0700969
0.0800221
0.0795357
0.0748698
0.0730594
0.0766281
0.0787391
0.0778992
0.0794457
0.0788273
0.0798955
0.0801634
0.080247
0.0801377
0.0798305
0.0755306
0.0743893
0.0731435
0.0676985
0.0714785
0.0691426
0.0730572
0.0697741
0.0777512
0.076669
0.0721356
0.0792908
0.0759114
0.0741787
0.0773326
0.0784546
0.0786135
0.0792629
0.0797068
0.0799876
0.0800321
0.0799317
0.0795275
0.0796325
0.0790031
0.0754664
0.0764302
0.0743646
0.0674746
0.0716158
0.0700691
0.0730323
0.0695116
0.0775353
0.0728947
0.0711341
0.0782913
0.0762169
0.074548
0.0770482
0.0783994
0.0790553
0.0795089
0.0797721
0.0798442
0.0797047
0.0792235
0.078744
0.0754135
0.0764335
0.0742695
0.0672551
0.0706852
0.0687004
0.072434
0.0692219
0.0773079
0.078175
0.0709206
0.0728635
0.0779003
0.0757351
0.0741502
0.0767439
0.0737533
0.0792317
0.07885
0.0794964
0.0796226
0.0796044
0.0792756
0.0785008
0.0765598
0.0753579
0.073722
0.0670408
0.0684107
0.070189
0.0718311
0.0731876
0.0689531
0.0783334
0.077557
0.070428
0.0720607
0.0776191
0.0764625
0.0752335
0.0731167
0.0791099
0.0786717
0.0793796
0.079366
0.07909
0.0787985
0.0782353
0.0773325
0.0762142
0.0752961
0.0668297
0.0683676
0.0708534
0.0696884
0.0741985
0.0726475
0.0687054
0.0780259
0.0774483
0.0714967
0.072472
0.0761827
0.0750417
0.078897
0.0784505
0.0791525
0.0791912
0.0790281
0.0786282
0.0763811
0.0776803
0.0781077
0.0748564
0.0766512
0.0758478
0.077056
0.0666202
0.068203
0.0719338
0.0697774
0.0728825
0.0739921
0.0700678
0.0684293
0.0782141
0.0777391
0.0713251
0.0733188
0.0748527
0.078382
0.0787741
0.0789668
0.0789276
0.0788604
0.0783843
0.077907
0.075628
0.0768072
0.0775152
0.0774237
0.0754711
0.0764369
0.0664355
0.0692653
0.0710527
0.0721954
0.0662078
0.0737541
0.0750967
0.0701241
0.0681727
0.0780065
0.0716322
0.0738382
0.0785085
0.0787121
0.0787714
0.078523
0.0781353
0.0773637
0.0753716
0.0765379
0.0777867
0.0771107
0.0762155
0.0684278
0.0704233
0.0709787
0.0725924
0.0660249
0.073697
0.0748776
0.0695427
0.0679289
0.0711476
0.0676525
0.0782541
0.0729555
0.0743243
0.0750902
0.0785103
0.0785139
0.0778827
0.0783289
0.077216
0.0763013
0.0775616
0.0769766
0.076
0.0719157
0.0675887
0.0692385
0.0711588
0.0724671
0.0658199
0.0674317
0.0736361
0.0749235
0.0757674
0.069928
0.067422
0.0780695
0.0782706
0.0736401
0.0749939
0.0780752
0.0783069
0.0776542
0.0769675
0.0760299
0.077353
0.0766717
0.0707528
0.0721757
0.0699953
0.0725174
0.0713151
0.0656239
0.06703
0.0685501
0.0735811
0.0748342
0.074482
0.0758788
0.068857
0.0671767
0.077883
0.077568
0.0780485
0.0738
0.0748823
0.0780602
0.0778515
0.077414
0.0765264
0.0757642
0.0767141
0.0706839
0.0722828
0.0720941
0.0704455
0.0696282
0.0654403
0.0679391
0.0735048
0.0723929
0.0753327
0.0743903
0.0762381
0.0688838
0.0669378
0.0776985
0.0773437
0.0778635
0.0776912
0.0733963
0.0748024
0.0768795
0.0776528
0.0771637
0.0776257
0.0761864
0.0748764
0.076919
0.0705921
0.0722664
0.0705482
0.0687949
0.0652427
0.066859
0.0734359
0.0711766
0.0723376
0.075116
0.0742926
0.076014
0.0766815
0.0687305
0.0667097
0.0775088
0.0776387
0.0736984
0.0765991
0.0769186
0.0773984
0.0740559
0.0758261
0.0747908
0.0771394
0.0702032
0.0718545
0.0698278
0.069887
0.0650592
0.0669402
0.0684607
0.0766425
0.0760982
0.0733701
0.0717497
0.0741378
0.0749019
0.0757986
0.0681381
0.0664703
0.0773786
0.0773712
0.0771399
0.07317
0.076311
0.0768031
0.0741596
0.075467
0.0769675
0.0771285
0.071439
0.0694439
0.0698594
0.0648625
0.0665427
0.0681384
0.0715043
0.0766924
0.0763604
0.0755708
0.0733162
0.074695
0.0722227
0.0678089
0.066244
0.0771539
0.0770084
0.0766207
0.0736128
0.072404
0.0760014
0.0747688
0.0752361
0.0769212
0.0706043
0.069038
0.069442
0.0646856
0.0663934
0.0678085
0.0709596
0.0721552
0.0732121
0.0766768
0.0759564
0.0764677
0.0753523
0.0743562
0.0710351
0.0677374
0.0660144
0.0769141
0.0761889
0.0765862
0.072591
0.0737386
0.0756587
0.0745168
0.0766878
0.0690844
0.0702929
0.0685617
0.0644816
0.0666232
0.07182
0.0731484
0.0764521
0.0762452
0.0751272
0.0757975
0.0742564
0.0720323
0.0703016
0.0673403
0.0657999
0.0763966
0.0759557
0.0733635
0.0742686
0.0752419
0.0728191
0.0764433
0.076203
0.0685615
0.0706804
0.0691176
0.0674785
0.0643221
0.0663255
0.0761952
0.0716204
0.0729327
0.0760002
0.0762367
0.0756336
0.0740253
0.074925
0.071363
0.0696738
0.0677412
0.0655589
0.0757242
0.0740384
0.0749828
0.0717149
0.0730149
0.0754805
0.0759994
0.0694125
0.0678755
0.0641255
0.065681
0.0759831
0.0714149
0.0729787
0.0721162
0.0757895
0.0759942
0.0754189
0.0752214
0.0738123
0.0746858
0.0682599
0.0699415
0.0653648
0.0737827
0.0747689
0.0705029
0.0718757
0.0727679
0.0752349
0.0756394
0.0745098
0.069736
0.0680721
0.0639553
0.0666533
0.0756145
0.0756086
0.0757997
0.0701073
0.071193
0.0719743
0.0728895
0.0755787
0.0749426
0.0739186
0.0667325
0.0689365
0.0651428
0.0735553
0.0706337
0.0718387
0.0750167
0.0739865
0.0682669
0.0637745
0.0664621
0.0750616
0.0754001
0.0755619
0.0695663
0.0754751
0.0710001
0.0728112
0.0752549
0.0737917
0.0749064
0.0743912
0.0676019
0.0692623
0.0649223
0.0728224
0.0703394
0.0718663
0.0736452
0.0743907
0.068098
0.0636003
0.0662709
0.0648656
0.0747895
0.0751961
0.0752739
0.0753118
0.070781
0.0696804
0.075108
0.0720773
0.0731664
0.0746818
0.0740359
0.0693266
0.0662881
0.0677768
0.0647039
0.0718656
0.0706819
0.0692533
0.0728183
0.0738052
0.0674119
0.0634049
0.0660749
0.0648451
0.074082
0.0748012
0.0750553
0.0750867
0.0700797
0.0684614
0.0710396
0.0748567
0.0747727
0.0726176
0.073552
0.0742712
0.0676689
0.0677261
0.0661841
0.0645047
0.069159
0.0718343
0.0705459
0.0729552
0.0671865
0.0632259
0.0661752
0.0645029
0.0745457
0.0741882
0.0733315
0.0747839
0.0748663
0.0706794
0.0690589
0.0716568
0.0745855
0.0742395
0.0727364
0.0735915
0.0676173
0.0658008
0.0642988
0.068927
0.0694569
0.0703423
0.0718167
0.072608
0.0676566
0.0630661
0.0657079
0.0730992
0.074331
0.073827
0.0746128
0.0746033
0.0744655
0.0691257
0.0714421
0.0703215
0.0724139
0.0740203
0.0733937
0.0673018
0.0658704
0.0640868
0.0682349
0.0699288
0.0713711
0.0722611
0.0628688
0.0684806
0.0668056
0.0649333
0.0718959
0.0728622
0.0735881
0.0743554
0.0741004
0.0744037
0.0742185
0.0688559
0.0699677
0.0712468
0.0723093
0.0731499
0.0737962
0.0669383
0.063893
0.0655733
0.0636705
0.0676369
0.0692803
0.0707151
0.062712
0.0671022
0.0654584
0.0715303
0.0719885
0.0726351
0.0733716
0.0738576
0.0741401
0.0741721
0.0739791
0.0736324
0.0697556
0.0676958
0.0710353
0.0719779
0.0729539
0.0657687
0.0634826
0.066564
0.0679006
0.0704817
0.0696285
0.06846
0.062525
0.0641589
0.0661489
0.0702462
0.0711687
0.072405
0.0729771
0.0738597
0.0736362
0.0739462
0.0738144
0.0667255
0.0727199
0.0738308
0.0733659
0.0682151
0.0695573
0.0708268
0.0721188
0.0648128
0.0632798
0.0664074
0.0688395
0.0671915
0.0688066
0.062355
0.0650775
0.0640274
0.0712091
0.0700307
0.073125
0.0721844
0.0736163
0.07373
0.0676254
0.066179
0.0726544
0.0731282
0.0735395
0.0684539
0.0698684
0.0720032
0.0713011
0.0647965
0.0630851
0.0658447
0.0673452
0.0686407
0.0671478
0.0621874
0.0648492
0.0636677
0.0697964
0.0709936
0.071942
0.0732568
0.0733395
0.0726759
0.0735021
0.0734443
0.067201
0.0655381
0.0725789
0.0729346
0.0681287
0.0698076
0.0709623
0.0719071
0.0644082
0.0628934
0.0658017
0.0684757
0.066967
0.0620168
0.0634358
0.0700621
0.0713961
0.0718837
0.0724542
0.0731848
0.0729555
0.0732875
0.0730956
0.0731034
0.066197
0.0645877
0.0674023
0.0720842
0.0727032
0.0689547
0.0702002
0.0712592
0.0641421
0.0626986
0.0652926
0.068945
0.0663469
0.0677159
0.0618411
0.0634087
0.0696765
0.0705318
0.0712729
0.0722201
0.0726267
0.0730057
0.0727465
0.0730569
0.0728696
0.0728815
0.0724721
0.0656835
0.0687475
0.0674986
0.0718767
0.0710418
0.0700061
0.0640919
0.062501
0.0653675
0.0685592
0.067311
0.0616807
0.0632743
0.0645943
0.0693055
0.0703235
0.0713696
0.0719888
0.0724467
0.0727834
0.0728448
0.072263
0.0726233
0.0661173
0.0675504
0.0685598
0.0708157
0.0715602
0.0699353
0.065299
0.0648877
0.0637409
0.062318
0.0665131
0.068171
0.0689212
0.0614917
0.0634916
0.0700973
0.0710506
0.0717874
0.0722796
0.0725522
0.0724284
0.0725965
0.0714342
0.0720492
0.0669206
0.0683532
0.0695918
0.0706294
0.0639974
0.0655849
0.0659398
0.0621094
0.064131
0.067543
0.0688586
0.0613386
0.0698871
0.0709205
0.0715475
0.0720098
0.0723269
0.0723852
0.0718154
0.0722189
0.0712304
0.0671673
0.0684148
0.0695111
0.0704053
0.0626025
0.064144
0.0657658
0.0649181
0.066357
0.0619448
0.0677394
0.0687797
0.0696541
0.0611661
0.0706068
0.0717383
0.0713332
0.0721034
0.0721689
0.0720521
0.0708526
0.0717499
0.0711523
0.07162
0.0674779
0.0689335
0.0702032
0.0634479
0.0650121
0.0666933
0.0638221
0.065144
0.0663526
0.0617397
0.0675317
0.0685627
0.0694436
0.071827
0.0609947
0.070388
0.0710264
0.071477
0.0719598
0.0718675
0.0705709
0.0714087
0.0680457
0.0698261
0.0693488
0.0625785
0.0642503
0.0657558
0.067099
0.0632015
0.0642225
0.0644074
0.0659912
0.0615556
0.0673259
0.0684741
0.0697832
0.0717784
0.0608276
0.0701982
0.070513
0.0711914
0.0715281
0.0717267
0.0716665
0.0714288
0.0702536
0.070883
0.0682647
0.0692511
0.0622261
0.0643669
0.0659322
0.0671292
0.0631572
0.0642101
0.0656421
0.061376
0.0683336
0.0673959
0.0694494
0.0606623
0.0698773
0.0706675
0.0711654
0.0714432
0.0715003
0.0714004
0.0711573
0.0707346
0.0699721
0.0685919
0.0618617
0.0633891
0.0644783
0.0674167
0.0660922
0.0626667
0.0662103
0.0647754
0.0611896
0.0660521
0.0671851
0.068198
0.0691412
0.0604949
0.0702366
0.0708082
0.0711643
0.0713034
0.0711364
0.0705923
0.070311
0.0693816
0.0683845
0.0618367
0.0629811
0.0640138
0.0653194
0.0673531
0.0627071
0.0649303
0.0634952
0.0610022
0.0659035
0.0671124
0.0680311
0.0695068
0.0688067
0.0711526
0.0615171
0.0603264
0.0700924
0.0707324
0.0709681
0.0710725
0.0709206
0.0706494
0.0699735
0.0681794
0.0691779
0.0630784
0.0650308
0.0661984
0.0672641
0.0623472
0.0645298
0.0608178
0.0654575
0.0667688
0.0677701
0.0693137
0.0683651
0.0626385
0.0601766
0.0700848
0.0708122
0.0705153
0.0703307
0.0708506
0.0707042
0.0697679
0.0679712
0.0689724
0.0642035
0.0658584
0.0669291
0.0636615
0.0634757
0.0606489
0.0622051
0.0646788
0.0662883
0.0675195
0.0641325
0.0698027
0.0690826
0.0681637
0.0604503
0.0599904
0.0619141
0.0702996
0.070637
0.0705855
0.0701275
0.0704962
0.0695535
0.0687711
0.067785
0.0652208
0.066595
0.0626855
0.0641618
0.0623964
0.0656756
0.0670255
0.0672241
0.0643878
0.0631003
0.0688681
0.0696527
0.0679613
0.0602828
0.0598468
0.0700869
0.0703572
0.0616487
0.0702665
0.0704322
0.0699232
0.069342
0.0675802
0.0686624
0.066548
0.0655749
0.0630424
0.0644199
0.0615196
0.0658839
0.0668887
0.0645334
0.0627897
0.0694981
0.0686686
0.0690053
0.0677496
0.0600995
0.0596707
0.0701016
0.0698597
0.0702197
0.0610696
0.0700734
0.0691264
0.0695992
0.0685513
0.0673963
0.0662255
0.0652616
0.0632222
0.0615059
0.0624849
0.06568
0.0666898
0.0638147
0.0693504
0.0684536
0.0688346
0.0675392
0.0599237
0.0595178
0.0699912
0.06987
0.0695524
0.0699817
0.0619452
0.0633203
0.0697475
0.0696503
0.0689492
0.0678642
0.0670127
0.0660152
0.0648088
0.0611532
0.0624865
0.0663421
0.063889
0.0648006
0.0673264
0.0692019
0.0682645
0.0597475
0.0593532
0.0697936
0.0696234
0.0697504
0.0611448
0.0624747
0.0645596
0.0692227
0.0694709
0.0679582
0.0687298
0.0672336
0.0663888
0.0610704
0.0624502
0.0624079
0.0638419
0.066206
0.0651216
0.0637826
0.0671257
0.0692256
0.0687393
0.0680407
0.0595803
0.0591861
0.0603426
0.0695884
0.0695228
0.0693111
0.0615982
0.0637516
0.065646
0.0690533
0.0685258
0.0677724
0.0668092
0.0610444
0.0623746
0.0660337
0.06413
0.0650188
0.0678155
0.066922
0.0692977
0.0690218
0.0685351
0.0594046
0.061417
0.0590248
0.0603152
0.0692198
0.0693755
0.068953
0.0642515
0.0629028
0.062411
0.0654558
0.0685365
0.0675688
0.0666125
0.0679367
0.0606987
0.0627984
0.0691544
0.069125
0.0659619
0.0636934
0.0648818
0.0667122
0.0676261
0.0688233
0.0683229
0.0592288
0.0615085
0.05886
0.0600058
0.0690252
0.0686707
0.0652615
0.0639311
0.063331
0.0625909
0.0661788
0.0682618
0.0673817
0.0629453
0.0617856
0.0605631
0.0689443
0.0688416
0.0689012
0.0656737
0.0644993
0.0665264
0.0681021
0.0675045
0.0685676
0.0590675
0.0610851
0.0587141
0.0684861
0.0620659
0.0650852
0.0641433
0.0635644
0.0623199
0.0661084
0.0679248
0.0671684
0.0639101
0.0624222
0.0607451
0.0686044
0.0687517
0.0686777
0.0642309
0.0652144
0.0672065
0.0663159
0.0683953
0.0679113
0.0588782
0.0585337
0.060389
0.0682626
0.0677236
0.0610783
0.0648962
0.0639061
0.0628498
0.0660344
0.0669797
0.0587315
0.0626753
0.061478
0.0684136
0.068548
0.0681792
0.0684471
0.063193
0.0650201
0.067009
0.0661132
0.0677656
0.0583877
0.0596968
0.0680636
0.0674468
0.0667679
0.0617244
0.0647128
0.0633708
0.0659581
0.0604733
0.0585517
0.0678601
0.0620568
0.0631543
0.0679748
0.0682478
0.0682936
0.0683288
0.0680765
0.0676197
0.0679805
0.064828
0.0671347
0.0659076
0.0668162
0.0582313
0.0603325
0.067325
0.0613278
0.0665926
0.0626179
0.0647901
0.064082
0.0656448
0.0606689
0.0583786
0.0676697
0.0620801
0.063187
0.0641339
0.0680725
0.0681078
0.0678794
0.0674842
0.0650073
0.0666053
0.0658749
0.0580676
0.0592405
0.0671323
0.0663791
0.0622359
0.06061
0.065626
0.063429
0.0647363
0.0595545
0.060928
0.0582076
0.0674668
0.0677954
0.0621662
0.0632642
0.0644299
0.0679217
0.0678435
0.067644
0.0673271
0.0668052
0.0652932
0.0660337
0.0579072
0.0590523
0.0669211
0.0661982
0.0618577
0.0607003
0.0629772
0.0652706
0.0641512
0.059356
0.0610035
0.058044
0.0668577
0.0672565
0.0610793
0.0675376
0.067694
0.0630421
0.064239
0.0676555
0.0673715
0.0661985
0.0668879
0.0653279
0.0577515
0.0588671
0.0599346
0.0607709
0.0663513
0.065085
0.0619609
0.0630349
0.0639757
0.0591638
0.0578825
0.0665488
0.0671998
0.060191
0.0616183
0.067462
0.0675173
0.0628124
0.0640487
0.067292
0.0668866
0.0666934
0.0660136
0.0651215
0.0611389
0.0575979
0.058845
0.060951
0.0655251
0.0647172
0.0624571
0.0637858
0.0591251
0.0577135
0.0663289
0.0657909
0.0667646
0.0672067
0.0602673
0.0625942
0.0673204
0.0672337
0.0638696
0.0670417
0.0664848
0.0659797
0.0649348
0.0620079
0.0574403
0.0651843
0.058717
0.0599854
0.0618038
0.0644843
0.0636091
0.0575571
0.0588197
0.0601319
0.0655163
0.0661425
0.0666201
0.0669953
0.0671234
0.0612973
0.0628234
0.0637811
0.0670472
0.0646291
0.0662793
0.066719
0.0656959
0.0607903
0.0572982
0.0645212
0.0595807
0.0612613
0.0625604
0.0636063
0.057378
0.0591763
0.0652452
0.0659609
0.0664718
0.066786
0.0669187
0.0668431
0.0622252
0.0645345
0.0634816
0.0665668
0.0654166
0.0660943
0.0610314
0.0596217
0.057123
0.0589093
0.0643341
0.0605245
0.0619707
0.0632409
0.059361
0.0572321
0.064269
0.063598
0.0650419
0.0656812
0.0662732
0.0665981
0.0667104
0.0665944
0.0666378
0.0663673
0.0625384
0.0632954
0.0642352
0.0658969
0.0646506
0.0653216
0.0615245
0.0583646
0.059745
0.0569829
0.0582308
0.0630689
0.0609892
0.0622925
0.0594869
0.0628818
0.0570597
0.0642035
0.0634883
0.0648587
0.0660728
0.0663917
0.0657106
0.0665096
0.0664484
0.0661696
0.0618623
0.0630983
0.0626319
0.0639114
0.0656953
0.0644022
0.0650229
0.0604296
0.0583634
0.0592725
0.0568165
0.0581159
0.060184
0.0616259
0.0616145
0.0590254
0.062702
0.0569025
0.0633722
0.0641446
0.0651359
0.0662051
0.0658944
0.0663221
0.065815
0.0661086
0.0610632
0.0621558
0.0636111
0.0653897
0.0648339
0.0602086
0.0580414
0.0590569
0.0566659
0.0577997
0.0603384
0.0616122
0.0594319
0.0586519
0.062526
0.0616011
0.0567476
0.0634378
0.0640553
0.0648562
0.0654608
0.0660878
0.0658753
0.0661116
0.0659318
0.0655712
0.0610805
0.0618571
0.0632814
0.0642324
0.064999
0.057826
0.0596433
0.0565249
0.0605733
0.0585788
0.0575924
0.0627735
0.0617909
0.06071
0.0565889
0.0639964
0.0650025
0.0655046
0.0659245
0.0656088
0.0658835
0.0602002
0.0658538
0.0655854
0.0651155
0.0614478
0.0625399
0.0635919
0.0644477
0.0577883
0.0588173
0.0597372
0.0563665
0.059522
0.0576837
0.0632261
0.0624527
0.0603718
0.0614646
0.0564249
0.0647954
0.0641164
0.0652015
0.0654022
0.06574
0.0656648
0.0611455
0.0656103
0.0653766
0.0650536
0.0642591
0.062371
0.0636399
0.0656065
0.0574917
0.0588945
0.0605838
0.0562171
0.05728
0.058675
0.0596844
0.0630494
0.062138
0.0611377
0.0562812
0.0646169
0.0639264
0.0650728
0.0654536
0.065548
0.0654421
0.0621859
0.065197
0.064653
0.0640615
0.0632261
0.0613218
0.0584935
0.059893
0.0560766
0.0582827
0.0559061
0.0605916
0.0591969
0.056104
0.0628705
0.0618229
0.0578384
0.0637374
0.0644392
0.0652288
0.0649212
0.0653564
0.0652746
0.0650006
0.0620085
0.064536
0.06303
0.0638786
0.060783
0.0594007
0.0610852
0.0576345
0.0557664
0.0609004
0.059438
0.0582729
0.0559629
0.0625907
0.0616498
0.058271
0.0636393
0.0642339
0.0646886
0.0650467
0.0618191
0.0651511
0.0650973
0.0648086
0.0644098
0.0627452
0.0637051
0.0596356
0.0601212
0.056982
0.0556193
0.0599296
0.0585404
0.0570574
0.0557971
0.0614773
0.0630941
0.0623018
0.0583928
0.06354
0.0640502
0.0642682
0.0646293
0.064894
0.061648
0.0649653
0.0648281
0.0648431
0.0646182
0.0641575
0.0628681
0.063501
0.0621898
0.0590581
0.0603479
0.0575824
0.0554716
0.0599952
0.0587895
0.0599925
0.0570567
0.0556452
0.0610691
0.0633314
0.06201
0.0629311
0.057935
0.0638799
0.0647185
0.0644892
0.06146
0.064718
0.0646294
0.0642964
0.0637778
0.0627838
0.0620623
0.0631693
0.0591904
0.0603068
0.0608911
0.0576509
0.0553252
0.0588903
0.0599857
0.0567451
0.0554937
0.0617219
0.063689
0.0626637
0.057923
0.0641865
0.0645551
0.0612924
0.0645001
0.0645788
0.0643129
0.0640061
0.0635125
0.062698
0.0591187
0.0602302
0.059059
0.0609534
0.056937
0.055174
0.0587208
0.059819
0.057324
0.0565629
0.0553408
0.0619911
0.0634974
0.0628317
0.0577695
0.0639894
0.0642846
0.0643924
0.0611059
0.0621101
0.0643285
0.0640529
0.0635879
0.0629523
0.0599671
0.0586836
0.0607826
0.0562056
0.0550241
0.0585562
0.0595055
0.0571681
0.0563745
0.0551866
0.0618022
0.0626529
0.0633253
0.0573778
0.0638003
0.0640962
0.0609267
0.0641221
0.0642134
0.0619397
0.0627602
0.0638703
0.0634121
0.0597013
0.0583051
0.0606134
0.0596084
0.0561823
0.054877
0.0580754
0.0563452
0.0550322
0.0616354
0.0624736
0.0632596
0.0576082
0.0600888
0.0639043
0.0636072
0.064014
0.0605753
0.0609932
0.0639498
0.0617615
0.063673
0.0627404
0.0632228
0.0590862
0.0584941
0.0605671
0.059612
0.0547404
0.0571626
0.0559089
0.0577443
0.0562252
0.0548906
0.0573238
0.0614491
0.062287
0.062957
0.0634244
0.0583694
0.0597581
0.0604038
0.0637299
0.0638346
0.0615834
0.0637645
0.062479
0.063447
0.0630309
0.0578977
0.0612774
0.059089
0.0602687
0.0545787
0.0581743
0.0568955
0.0562454
0.0547258
0.0563967
0.0621191
0.0627701
0.0632595
0.0592366
0.0613934
0.0602964
0.0635455
0.063643
0.0622189
0.0633
0.0635663
0.0628626
0.0583191
0.0568129
0.0612028
0.0603117
0.0592859
0.0544425
0.0567795
0.0581192
0.0555039
0.0545928
0.0619416
0.0626536
0.0630618
0.0633355
0.0594235
0.0612261
0.0601787
0.0634669
0.0633731
0.0621161
0.0631293
0.0626622
0.0561586
0.0575794
0.0611364
0.0600826
0.0591123
0.0543036
0.0580658
0.0562019
0.0544392
0.0617568
0.0622817
0.0628827
0.0631221
0.063278
0.063132
0.0593715
0.0584962
0.0608373
0.0616925
0.0601204
0.0632063
0.0629408
0.0624952
0.0563307
0.0573342
0.0614542
0.060764
0.0595787
0.0579968
0.0541578
0.0566755
0.0552081
0.0542897
0.062033
0.0625637
0.06291
0.063093
0.0629439
0.0593271
0.0582444
0.0600612
0.0616741
0.0608747
0.0627425
0.063023
0.0623131
0.0553447
0.0567309
0.0614232
0.0601772
0.0592522
0.0583764
0.0572719
0.054015
0.0555644
0.0565129
0.0541441
0.0622922
0.0627139
0.0579746
0.062922
0.0595031
0.060696
0.0615053
0.0625694
0.0628365
0.0621278
0.0556934
0.0566472
0.0618817
0.0608999
0.0598927
0.0587332
0.0573983
0.0538792
0.0559048
0.0540033
0.0623535
0.0626289
0.057523
0.0585347
0.0590491
0.0627319
0.0626442
0.0607111
0.0600031
0.0613225
0.0619387
0.062392
0.0560332
0.0602539
0.0621601
0.0616956
0.0610602
0.0590498
0.0578354
0.056657
0.053731
0.0548417
0.0538522
0.0624147
0.0625365
0.0568556
0.0580147
0.0597316
0.0625313
0.0624033
0.0606416
0.0613743
0.0619349
0.0556824
0.059332
0.0600699
0.0607237
0.0619885
0.0615314
0.0580997
0.0574352
0.0558655
0.0545709
0.0535843
0.0559882
0.0537013
0.0622772
0.0623736
0.0576058
0.0585679
0.0594356
0.0603718
0.0622462
0.0620194
0.0609721
0.0617013
0.0546859
0.0618499
0.0590546
0.0599107
0.0607249
0.0613559
0.0581666
0.0567986
0.0555
0.0534548
0.0569141
0.0556169
0.0535665
0.062086
0.0621897
0.0620906
0.0582516
0.0591577
0.060789
0.0600047
0.061854
0.061351
0.0534047
0.0616281
0.0619129
0.0587709
0.0597505
0.0605449
0.0611832
0.0576348
0.056346
0.0532963
0.0548977
0.0577452
0.0564592
0.0550122
0.0620086
0.0619257
0.0616736
0.0588761
0.0598344
0.0606225
0.0612406
0.0580234
0.0532703
0.0617195
0.0618306
0.0614595
0.0579206
0.0586144
0.0595834
0.0604622
0.0599535
0.0610037
0.0565691
0.0553015
0.0531701
0.0542891
0.0566773
0.0555974
0.0542942
0.0617628
0.0610516
0.0614509
0.0587043
0.0595554
0.0604607
0.057129
0.053128
0.0615704
0.0616487
0.061556
0.061282
0.0570249
0.0584568
0.0594171
0.0608254
0.0603804
0.0554176
0.0530202
0.054185
0.0560357
0.0556221
0.056642
0.0543501
0.0613189
0.0602733
0.0608892
0.0585433
0.0594959
0.057555
0.0566401
0.061533
0.052985
0.061262
0.0614747
0.0613866
0.0611137
0.0570119
0.0578817
0.0586685
0.059399
0.0600287
0.060655
0.0549983
0.0528841
0.0539004
0.0561695
0.0556597
0.0540021
0.0610041
0.0596441
0.0605068
0.0583855
0.0570122
0.052853
0.0609731
0.0612218
0.0612993
0.0612036
0.0609246
0.0604832
0.057213
0.0581181
0.0590775
0.0598692
0.0546649
0.0527566
0.0563222
0.0558306
0.0547516
0.0589527
0.0605477
0.0595626
0.0600537
0.0582157
0.0570663
0.0527048
0.0538077
0.0607974
0.0603613
0.0611185
0.0610485
0.0610837
0.060947
0.0605009
0.0601058
0.0570054
0.0579713
0.0584814
0.0592348
0.0537118
0.0553645
0.0526179
0.0557601
0.0559924
0.0547088
0.0589871
0.0597649
0.0580478
0.0571157
0.0525616
0.053782
0.0608282
0.0606103
0.0603138
0.0597613
0.060833
0.0609612
0.0608074
0.0605785
0.0595314
0.0601453
0.0567066
0.0578044
0.0589613
0.0543819
0.0524754
0.055443
0.0562028
0.0560821
0.0549528
0.058833
0.0578823
0.0569565
0.0608241
0.0524301
0.0536704
0.0546934
0.0586503
0.0593376
0.0606764
0.0604458
0.0600911
0.0607871
0.0593639
0.06066
0.0604157
0.059981
0.057645
0.0584775
0.0568679
0.0555758
0.0535821
0.0523455
0.0546044
0.0559288
0.0578535
0.056959
0.0522776
0.0552285
0.0538296
0.0584993
0.0605212
0.0592556
0.0602795
0.059847
0.0606012
0.0605143
0.0591928
0.0584272
0.0598017
0.0602558
0.0574879
0.056386
0.0551402
0.0521951
0.0537455
0.0564743
0.0575696
0.052159
0.0554401
0.0544425
0.0590839
0.0583339
0.0603605
0.0596232
0.0601057
0.0600641
0.0604399
0.0603196
0.0574392
0.0582524
0.0590411
0.0596371
0.0566679
0.0555384
0.0541342
0.0520731
0.0574015
0.0567463
0.0558679
0.0520141
0.0536089
0.0549286
0.0581635
0.0572387
0.0587781
0.0601777
0.0599413
0.059202
0.0596241
0.0599022
0.0602559
0.0601728
0.0571739
0.058103
0.0588634
0.0594732
0.0557438
0.0542427
0.0530512
0.0565994
0.0519357
0.0561701
0.0548338
0.0518778
0.0537761
0.0550345
0.058007
0.0570861
0.0587571
0.060069
0.0596576
0.059509
0.0599938
0.059734
0.0600927
0.0599273
0.0573479
0.0582082
0.0588117
0.0592962
0.0555906
0.0537019
0.0559499
0.0517995
0.0561167
0.0517419
0.0538282
0.0549927
0.0584315
0.0578364
0.0569331
0.0589333
0.0597455
0.0593838
0.0598236
0.0595756
0.059798
0.0599195
0.0568639
0.0581481
0.0588975
0.0559084
0.0551496
0.0527773
0.0543264
0.0516631
0.0563025
0.0516037
0.0531867
0.0549305
0.0556278
0.0567031
0.0584353
0.0573026
0.0578555
0.0590231
0.0595627
0.0592386
0.059654
0.0596687
0.059745
0.0576245
0.0586682
0.0548485
0.0556255
0.0537849
0.0526184
0.0515312
0.0563674
0.053769
0.0514664
0.0525298
0.0553294
0.0539907
0.0571816
0.0560345
0.0582654
0.0577409
0.0572345
0.0592597
0.0588473
0.0595081
0.0589149
0.0591052
0.0594263
0.0595796
0.0582218
0.0514057
0.0544265
0.054055
0.0524607
0.056464
0.0576819
0.0549207
0.0513312
0.0525978
0.0541919
0.0571136
0.0563896
0.0553302
0.058256
0.0571804
0.0593341
0.0586776
0.0590918
0.059422
0.0586399
0.0589875
0.0593306
0.0580583
0.0541167
0.0512671
0.0531055
0.0544435
0.0563109
0.0555596
0.0543167
0.0512056
0.0533827
0.0523994
0.0561454
0.0554958
0.0570515
0.0562404
0.0585086
0.0580068
0.0572926
0.0592391
0.0591756
0.0589318
0.0591649
0.0584795
0.0588653
0.057892
0.0511369
0.0533147
0.0521824
0.0550328
0.0538317
0.0570463
0.0538961
0.055092
0.0510583
0.0525531
0.055358
0.0561763
0.0569815
0.0560929
0.058757
0.0583549
0.0577788
0.0590797
0.0590039
0.0589927
0.0577248
0.0587398
0.0583225
0.0509935
0.0553042
0.052488
0.0530349
0.054037
0.056877
0.0575424
0.0529251
0.0540985
0.0545092
0.056078
0.0509388
0.055303
0.056924
0.0561471
0.0588331
0.0585582
0.0581925
0.0586098
0.0589193
0.0588211
0.0575775
0.0582122
0.0508728
0.0544539
0.0552365
0.0519215
0.0530609
0.0567269
0.0570976
0.0575937
0.05802
0.0518812
0.0530314
0.0536075
0.0559855
0.0507977
0.0538059
0.0548513
0.0568536
0.0559259
0.0586798
0.058355
0.0586548
0.0584079
0.0587514
0.057413
0.0579938
0.0507391
0.0543034
0.0551911
0.0518735
0.0530245
0.0565718
0.057511
0.0581532
0.0518821
0.0526388
0.0528145
0.0558322
0.054939
0.050669
0.0537082
0.0558674
0.0565254
0.0585819
0.0584531
0.058247
0.0585079
0.0572098
0.057658
0.055145
0.0506102
0.0541547
0.0515579
0.0527372
0.0568376
0.0581059
0.0574051
0.0577986
0.0578908
0.0584788
0.0518552
0.0524718
0.0562371
0.0550296
0.0505415
0.0535985
0.0553114
0.0567117
0.055995
0.058306
0.0584164
0.0583404
0.0580936
0.0574453
0.0542371
0.0504863
0.0530064
0.0518731
0.0565988
0.0579375
0.0571189
0.0575436
0.0523866
0.0514991
0.0541471
0.0556477
0.050408
0.0531929
0.0545645
0.055262
0.0569363
0.0562204
0.0573953
0.0581851
0.0582608
0.0581799
0.0577676
0.0532626
0.0503633
0.0521788
0.0561034
0.0568178
0.057784
0.0573888
0.0542878
0.0521318
0.0513029
0.0552685
0.0539341
0.0502802
0.0525979
0.0541608
0.0552547
0.0560616
0.0567838
0.0572668
0.0580994
0.0580288
0.0576375
0.057949
0.057969
0.0537133
0.0529165
0.0502304
0.0518674
0.0559518
0.0566655
0.0576251
0.0572266
0.057859
0.0512792
0.0535897
0.0545642
0.055301
0.0501499
0.0530245
0.0510369
0.0520879
0.0535415
0.0552392
0.0544348
0.0559066
0.0566341
0.0571891
0.0579452
0.0575223
0.0578063
0.0525418
0.0500984
0.0514665
0.0557969
0.0565115
0.0570693
0.0574711
0.0577162
0.0577713
0.0542171
0.0551482
0.0500274
0.0537686
0.0526171
0.0513253
0.0529772
0.0541755
0.055751
0.0549885
0.0564037
0.0570423
0.057668
0.0574065
0.052045
0.0499815
0.0556436
0.0563605
0.0569094
0.057305
0.0575356
0.0575236
0.0576173
0.0547783
0.0498864
0.0516854
0.0540252
0.0529267
0.0497712
0.0525702
0.0537243
0.054738
0.0556144
0.0563247
0.0568827
0.0572846
0.0498368
0.0512706
0.0516349
0.0546377
0.0555908
0.0561998
0.0571431
0.056739
0.0573866
0.0574576
0.0573744
0.050678
0.0517803
0.0537557
0.0523427
0.0496351
0.0528836
0.0539795
0.0547102
0.0554519
0.0560871
0.0567271
0.0570867
0.0497227
0.0506294
0.0517307
0.0544844
0.0551423
0.0560469
0.0569827
0.056601
0.0572271
0.0572893
0.0572122
0.0570443
0.0506781
0.051407
0.0534125
0.0524968
0.0495123
0.0522977
0.0535795
0.0546774
0.0553056
0.0560098
0.0567446
0.0565721
0.0495925
0.0506876
0.0543477
0.0554732
0.0560066
0.0568284
0.056435
0.0570611
0.0571307
0.0570819
0.0569266
0.0518826
0.0504254
0.053383
0.0523257
0.0493892
0.0531661
0.0518536
0.0539334
0.0543037
0.055157
0.055867
0.0564143
0.0494681
0.050378
0.0557334
0.0541948
0.0550403
0.056283
0.0566779
0.0568988
0.0569828
0.0568996
0.05666
0.0502502
0.0513368
0.0532546
0.0521586
0.0492627
0.0527802
0.0510533
0.053561
0.0546016
0.0553814
0.0560108
0.0493536
0.0540437
0.0555887
0.0548966
0.0561371
0.056628
0.0568158
0.0568126
0.0566728
0.0562765
0.0502278
0.0510528
0.0523175
0.0530834
0.0491392
0.0528417
0.0519168
0.0502118
0.0537162
0.0545691
0.0555708
0.0558347
0.0550592
0.0492248
0.0539052
0.0554425
0.0547414
0.0559726
0.0563625
0.0565976
0.0563443
0.0566643
0.0565824
0.0560642
0.0504593
0.0514965
0.052474
0.0490229
0.0501839
0.0520676
0.0530299
0.0510012
0.0538678
0.0545152
0.0554044
0.0556537
0.0549578
0.0490986
0.0504202
0.0537662
0.0553635
0.0545986
0.0558216
0.0562419
0.0564274
0.0565112
0.0561873
0.0564402
0.0558582
0.0510182
0.0519214
0.053069
0.0536143
0.0488811
0.0502681
0.0530079
0.0514637
0.0537239
0.0544698
0.0552683
0.0509791
0.0489848
0.0544537
0.0556637
0.0551362
0.056051
0.0562865
0.0563622
0.0560386
0.0562736
0.0556515
0.053645
0.0515264
0.0528803
0.0526361
0.0506178
0.0487697
0.0543037
0.0530367
0.0520518
0.0514861
0.0535829
0.0544207
0.0551108
0.0502296
0.0488441
0.0549194
0.0558953
0.0555228
0.0561441
0.0561968
0.0561376
0.0549562
0.0558917
0.0554484
0.0534774
0.0523701
0.0517151
0.0496468
0.0507161
0.0486399
0.0541507
0.0546961
0.0526049
0.0505794
0.0516782
0.0535452
0.0543628
0.0487336
0.0497021
0.0553744
0.055754
0.0559289
0.0560051
0.0560459
0.0559286
0.0548073
0.0552415
0.0557368
0.0549746
0.0536403
0.0525588
0.0518263
0.0496492
0.0507681
0.048521
0.0544861
0.0527596
0.0506775
0.05179
0.0534976
0.0541301
0.0486035
0.0496128
0.0552181
0.0555984
0.0558244
0.0557623
0.0559038
0.0546699
0.05495
0.0553491
0.0555193
0.0537765
0.0505459
0.0528879
0.0516582
0.0496244
0.0484022
0.0542595
0.0547918
0.0526177
0.0519191
0.0503192
0.0511822
0.0539885
0.0533508
0.0484865
0.0493678
0.055297
0.0555903
0.0557221
0.0557345
0.0556616
0.0554288
0.0545252
0.0552438
0.0538361
0.0533374
0.0513417
0.0503348
0.0520683
0.0492918
0.0482772
0.0537176
0.054258
0.0547063
0.0525997
0.0505244
0.0515546
0.0529489
0.0483707
0.0498217
0.0552992
0.0555219
0.0555941
0.055521
0.0551399
0.0540885
0.0546215
0.0532592
0.0536578
0.0548515
0.0528933
0.0511795
0.0501156
0.0519395
0.0491087
0.048158
0.05358
0.0549108
0.0542549
0.0520343
0.0509129
0.0524701
0.0482499
0.0490767
0.0502409
0.0552383
0.0554122
0.0554349
0.0553051
0.0550257
0.0540288
0.0530321
0.0543414
0.0526463
0.0498785
0.0508701
0.051552
0.0490878
0.048037
0.0540938
0.0534404
0.0549966
0.0545169
0.0515948
0.0521914
0.0506259
0.0481326
0.0496559
0.0552233
0.0552935
0.0552199
0.0549825
0.0534072
0.0546071
0.0539469
0.0527928
0.0528294
0.0521575
0.0505976
0.0512453
0.0479255
0.048994
0.0539561
0.0532936
0.0548438
0.0544781
0.0520057
0.0512609
0.0499102
0.0480082
0.0489584
0.0550752
0.0550571
0.0551415
0.0548446
0.0544548
0.0532703
0.0538703
0.052559
0.0526923
0.0518283
0.0498734
0.050708
0.0477939
0.0491321
0.053151
0.054322
0.053821
0.0547024
0.0549164
0.0518267
0.0506857
0.0496038
0.0478979
0.0549938
0.0549183
0.0546857
0.0543114
0.0537955
0.0531401
0.0523263
0.0523492
0.0514062
0.0503324
0.0476861
0.048628
0.0496218
0.052379
0.0536627
0.0530151
0.0541908
0.0545863
0.0547722
0.0513831
0.0503074
0.0516217
0.0491009
0.0477656
0.0548439
0.0547683
0.0545058
0.0541662
0.0536493
0.0529828
0.0522877
0.0516444
0.050511
0.0508847
0.0522913
0.0475654
0.0485796
0.0500835
0.0515948
0.0535253
0.0528705
0.0540357
0.0543368
0.0546243
0.054696
0.0506507
0.0494368
0.0513974
0.0476607
0.0485054
0.0546212
0.0536334
0.0543942
0.0540227
0.0528517
0.0520555
0.05319
0.0496047
0.0522079
0.0474476
0.0485106
0.0504917
0.0512881
0.0527258
0.0533922
0.0538959
0.0543481
0.0545
0.0545498
0.0543846
0.0506265
0.0498743
0.0513094
0.0475353
0.0485041
0.0491806
0.0543398
0.0535504
0.0540184
0.0527096
0.0519167
0.0530865
0.0493995
0.0520537
0.0537219
0.0473337
0.0481893
0.0491929
0.0506682
0.0518508
0.0525924
0.053242
0.0539681
0.054228
0.0542198
0.0543886
0.0543835
0.0502011
0.0510239
0.0474197
0.0482669
0.0492517
0.0539593
0.0534766
0.052585
0.0517786
0.0535447
0.0472126
0.0480112
0.0489813
0.0500031
0.0509259
0.0517427
0.0524543
0.0531038
0.0537921
0.0540307
0.0541833
0.0539601
0.0541781
0.0542545
0.0509411
0.0501411
0.0473045
0.0493093
0.0481277
0.0535946
0.0530808
0.0524366
0.0516459
0.0470972
0.0479948
0.0495065
0.0505731
0.0515141
0.052322
0.0531446
0.053594
0.0538677
0.0540338
0.0541074
0.0539403
0.0535935
0.054077
0.0508172
0.0501794
0.0493615
0.0471904
0.0479925
0.052952
0.0522941
0.0515119
0.0506852
0.0539
0.0531904
0.0526452
0.046983
0.047776
0.0488111
0.0501117
0.0509225
0.0514627
0.0521864
0.0536787
0.0529405
0.0533144
0.0534055
0.0538988
0.053966
0.0536767
0.0539215
0.0497618
0.0487313
0.0479656
0.0470769
0.0528062
0.0523179
0.0513895
0.0500913
0.0468727
0.0487181
0.0480358
0.0495565
0.0506552
0.0520423
0.0514635
0.0527436
0.0531754
0.0535381
0.0531843
0.0535317
0.0537658
0.0538164
0.053763
0.0494207
0.0481905
0.0469608
0.0519412
0.0513258
0.0526669
0.0506312
0.0495399
0.0467467
0.0491942
0.0485363
0.0466399
0.0474602
0.050227
0.0511375
0.0525371
0.0519034
0.0525288
0.0530254
0.0530446
0.0533912
0.0536043
0.0533969
0.0536069
0.0536813
0.0487044
0.0468584
0.051112
0.0518928
0.0502066
0.0491751
0.0493705
0.0484458
0.0465248
0.0474593
0.0518361
0.0511119
0.050373
0.0517687
0.0524027
0.0528997
0.0532355
0.0523956
0.0529325
0.0532239
0.0534449
0.0534877
0.053539
0.0480108
0.0467273
0.0483354
0.0504342
0.0509862
0.0495034
0.0494761
0.0481122
0.0464143
0.0472304
0.0508586
0.0517755
0.0516287
0.0509821
0.0501995
0.0530458
0.0522694
0.0527562
0.053102
0.0522507
0.0527472
0.0533268
0.0533256
0.0533955
0.0466245
0.0475214
0.048424
0.0499567
0.0489233
0.0490829
0.0480434
0.0494526
0.0499451
0.0463056
0.0530567
0.0471321
0.0507181
0.0514903
0.0521155
0.0514999
0.0508288
0.050151
0.052623
0.0521305
0.0529649
0.052609
0.0531753
0.0532056
0.0532529
0.0465031
0.0474379
0.0480915
0.0490296
0.0527838
0.047964
0.0491841
0.0498666
0.0461919
0.052948
0.0469628
0.0478938
0.0513437
0.0505938
0.0519776
0.0524732
0.0513693
0.0501065
0.0507727
0.0524808
0.0519937
0.0528369
0.0530963
0.0530939
0.0463939
0.0481573
0.04721
0.0490153
0.0489083
0.0497838
0.0460832
0.0526929
0.0528707
0.0476783
0.0469489
0.0485952
0.0497261
0.0512242
0.0504641
0.0520812
0.0524276
0.0496311
0.0515337
0.0507099
0.05215
0.0528561
0.0526855
0.0529514
0.0529597
0.0462837
0.0482132
0.0470763
0.04827
0.0518152
0.0515729
0.0486482
0.0523967
0.0459776
0.0503365
0.0525588
0.052769
0.0468714
0.0483511
0.0500164
0.0492329
0.0511011
0.0518984
0.0524576
0.0493939
0.0513323
0.0507148
0.0520654
0.0527672
0.0528377
0.046175
0.0469493
0.0476634
0.0483315
0.0522912
0.0525764
0.0459009
0.0502212
0.0505143
0.0524306
0.050972
0.052606
0.0527074
0.0470954
0.047708
0.0489687
0.0498131
0.0515912
0.0520718
0.0523591
0.0489884
0.0515953
0.0511308
0.0519877
0.0526455
0.0460693
0.0469333
0.0477399
0.0458584
0.0508644
0.052322
0.0508806
0.0501231
0.0503415
0.051978
0.0514243
0.0525156
0.0526002
0.048216
0.0484973
0.049543
0.0519738
0.0522878
0.0495204
0.0486425
0.0515008
0.0525281
0.0459641
0.0467414
0.0474913
0.0508263
0.0522809
0.0508405
0.0500762
0.0522729
0.0500929
0.0519337
0.0514426
0.0524865
0.0482015
0.0525534
0.0492143
0.0519277
0.0491987
0.0514521
0.0524788
0.04708
0.0458861
0.0458437
