2 1 1 2683 2 
0.0706985
0.0661766
0.0685277
0.0726564
0.0696731
0.0712429
0.0771638
0.0743997
0.0759134
0.0781637
0.0788924
0.0793233
0.0793447
0.0794817
0.0789239
0.0782235
0.0707847
0.0759845
0.0772355
0.0727488
0.0744883
0.066249
0.0686082
0.0697559
0.0662353
0.0678516
0.0697623
0.0727331
0.0713436
0.0772578
0.0759888
0.0747472
0.0783968
0.0789774
0.0794255
0.0793837
0.0795805
0.079016
0.0775112
0.0783059
0.0713307
0.0769107
0.07585
0.0728158
0.0742886
0.0663099
0.0679336
0.0698522
0.0663502
0.0681865
0.0699496
0.0714773
0.0741041
0.072771
0.0778299
0.0771726
0.0762072
0.0787422
0.0793763
0.0797245
0.0797892
0.0796717
0.0790463
0.0779076
0.0779516
0.0718731
0.0762806
0.0742131
0.0682726
0.0664279
0.068395
0.0708618
0.0683035
0.0665002
0.0700826
0.0717728
0.0748809
0.0731111
0.0782491
0.0777284
0.0764198
0.0791284
0.0797202
0.0800223
0.0793304
0.0800309
0.0797494
0.0787781
0.0779974
0.0771837
0.0732108
0.0749912
0.0725178
0.0665831
0.0685261
0.0710115
0.0684344
0.0666498
0.070305
0.0719275
0.0733159
0.0751345
0.0786963
0.0771448
0.0795244
0.0800734
0.0803332
0.0797914
0.0802278
0.0787596
0.0772229
0.0757694
0.074058
0.0718152
0.0667376
0.069256
0.0683885
0.066818
0.0700917
0.0720905
0.0735518
0.0753473
0.0769262
0.0792697
0.0782457
0.079917
0.0804251
0.0806454
0.0793355
0.0805425
0.0801632
0.078319
0.0772606
0.0754674
0.0739741
0.072191
0.0705606
0.0669141
0.0718197
0.0669631
0.0694332
0.0717148
0.0737747
0.075616
0.0771828
0.0785059
0.0795726
0.0803065
0.0807778
0.0809427
0.0796137
0.0803637
0.080808
0.0785964
0.0772911
0.0757125
0.0738871
0.0723611
0.0670557
0.0695333
0.0704534
0.0671488
0.0703463
0.0719126
0.0758594
0.0740022
0.077176
0.0790259
0.0798361
0.080496
0.0811346
0.081042
0.0810857
0.0812428
0.0800995
0.0807707
0.0786474
0.0775601
0.0741093
0.0756156
0.0732911
0.0711408
0.0672496
0.0692134
0.0688637
0.0672998
0.0710006
0.0729995
0.0764339
0.0750095
0.0777073
0.0790692
0.0801438
0.0809101
0.0814867
0.0815336
0.0814096
0.0802065
0.0809578
0.0791438
0.0781073
0.0768898
0.0755034
0.0742646
0.0723958
0.0694556
0.0674057
0.0699007
0.0674753
0.0723481
0.0744712
0.0763658
0.0785731
0.0800333
0.080773
0.081432
0.0818211
0.081801
0.0815648
0.0803049
0.0809912
0.0794368
0.078091
0.0768158
0.0753724
0.0735101
0.0714222
0.0694076
0.0675724
0.0693027
0.0676494
0.0725555
0.0747065
0.0762516
0.0782544
0.0796386
0.0807152
0.0819806
0.0815042
0.0821519
0.082027
0.0814403
0.0806206
0.079735
0.0767264
0.0780626
0.075235
0.0733063
0.0712053
0.0677537
0.0710666
0.0677973
0.0703817
0.072787
0.0749464
0.0768684
0.0785204
0.0799127
0.0810055
0.0818135
0.0823164
0.0824735
0.0823115
0.081876
0.0811026
0.080026
0.078646
0.077007
0.0750862
0.0729144
0.0679121
0.0705167
0.0713342
0.0680011
0.0729922
0.0747693
0.0767607
0.0788139
0.0801971
0.08133
0.0825966
0.0822433
0.0827784
0.0821632
0.0826588
0.081406
0.0805739
0.078642
0.0772673
0.07532
0.0734828
0.0714825
0.0681165
0.0698036
0.0681528
0.0732216
0.0749923
0.0766277
0.0780939
0.0796789
0.0807381
0.0816028
0.0824304
0.0829375
0.0831081
0.0829509
0.082503
0.0817063
0.0808452
0.0798081
0.0785791
0.0763903
0.0744939
0.0721704
0.0682814
0.070179
0.0708813
0.0683273
0.0723892
0.0760742
0.0743533
0.077649
0.0793586
0.0819083
0.0807858
0.082606
0.0830829
0.0833599
0.08341
0.0830415
0.082374
0.0803835
0.0816053
0.0791841
0.0778002
0.0758263
0.0732727
0.068458
0.0704347
0.0724999
0.0702368
0.0685097
0.0721097
0.0736676
0.0778994
0.0763398
0.0796431
0.0808269
0.0824442
0.0830704
0.0836323
0.083753
0.0835994
0.0832555
0.0825232
0.0797889
0.0809664
0.0784415
0.0760825
0.0744783
0.0686405
0.0703914
0.0722673
0.0686705
0.0713891
0.0738873
0.0723792
0.076167
0.078196
0.0799295
0.0813896
0.0825245
0.0833867
0.0838891
0.0840812
0.0839535
0.0834605
0.0815061
0.082653
0.0800972
0.0783513
0.0763323
0.0740641
0.0688134
0.071556
0.0688755
0.070776
0.0741375
0.0784377
0.0768452
0.0802136
0.0814219
0.0828731
0.0836988
0.0842391
0.0842491
0.0844103
0.0837851
0.0831644
0.0818486
0.08037
0.0786278
0.0748967
0.0765994
0.0730605
0.0690202
0.0709332
0.0690493
0.0718046
0.0743475
0.07667
0.0787377
0.0805015
0.0819952
0.0831605
0.0838799
0.0843865
0.08472
0.0846239
0.0841143
0.0832922
0.0821343
0.0806737
0.0792805
0.0777188
0.0751573
0.0722889
0.0692073
0.0692211
0.0720082
0.074586
0.076925
0.079013
0.0808199
0.0823133
0.0834818
0.0843551
0.0848913
0.0850824
0.0849259
0.0844446
0.0838091
0.08296
0.081617
0.0792105
0.077133
0.0714578
0.0755156
0.0744527
0.0693863
0.0694061
0.0736079
0.0712326
0.0753171
0.0771841
0.0792622
0.0811001
0.0826321
0.0838327
0.0848269
0.0853005
0.0854312
0.0852065
0.0839357
0.0846412
0.0827763
0.0812909
0.0773831
0.0790878
0.0757036
0.0716225
0.073749
0.0695841
0.0750621
0.0695806
0.0724378
0.0774498
0.0795669
0.0814003
0.0829287
0.0841442
0.0850172
0.0855711
0.0857762
0.0856241
0.0851291
0.084292
0.0830993
0.0797678
0.0815779
0.0752802
0.0776764
0.0726377
0.0697615
0.0737049
0.0739412
0.0758631
0.0697891
0.0717805
0.0777032
0.0798612
0.0819813
0.0832359
0.0842927
0.085377
0.0860983
0.0859666
0.085975
0.0855848
0.0846238
0.0836527
0.0821713
0.0800824
0.0760944
0.0779372
0.0699837
0.0729687
0.075216
0.0741146
0.0760442
0.0699691
0.0722145
0.0779569
0.0797933
0.0814134
0.0830808
0.0844281
0.0862709
0.0854503
0.0849957
0.0863077
0.0864883
0.0858086
0.0842029
0.0822369
0.0796974
0.0773007
0.0724376
0.0701739
0.0756199
0.0725999
0.0762253
0.0742864
0.0723757
0.0701701
0.0782411
0.080433
0.0823057
0.0851303
0.0838983
0.0866146
0.0860557
0.0868122
0.0853689
0.0866838
0.0861625
0.0847302
0.0833626
0.0806864
0.0785039
0.0703759
0.072768
0.0776592
0.0758131
0.0755658
0.0725381
0.0703534
0.0785154
0.0807143
0.0826334
0.085487
0.0842112
0.0869722
0.0864136
0.087287
0.0871768
0.0856425
0.0868938
0.0863687
0.084418
0.0831379
0.0816192
0.0795427
0.070573
0.0736694
0.076805
0.0767351
0.0748126
0.0724801
0.0705461
0.0809939
0.0791813
0.0829375
0.0843045
0.0858433
0.0867333
0.0873413
0.0875318
0.0873885
0.0858147
0.0868828
0.0847551
0.0831707
0.0812732
0.0790601
0.077269
0.0707962
0.0752746
0.0749905
0.0769962
0.0707323
0.0737502
0.0790595
0.0813233
0.0832545
0.0848796
0.0861567
0.0871046
0.0878883
0.0876869
0.0877511
0.0872449
0.085095
0.0863527
0.0835313
0.0815873
0.0793458
0.0768159
0.0709716
0.0740236
0.0765398
0.0709652
0.0753644
0.0793356
0.0774267
0.0815941
0.08357
0.0849136
0.0862815
0.0874822
0.0882723
0.0880494
0.0880528
0.0875789
0.0869176
0.0854597
0.0838305
0.0751492
0.0801124
0.0818993
0.0781541
0.0712021
0.0733347
0.0884055
0.0711508
0.0740881
0.0770564
0.0796389
0.0842477
0.0827437
0.0855603
0.0873073
0.0882312
0.0886128
0.088502
0.0879656
0.0872551
0.0863395
0.0851874
0.0830412
0.0760671
0.0787941
0.0808947
0.0714095
0.0739325
0.0713424
0.0744396
0.0772987
0.079407
0.0813313
0.084247
0.0864846
0.0878608
0.0888029
0.0890159
0.0889076
0.0885801
0.0880007
0.08718
0.0825363
0.086147
0.0845031
0.0772459
0.0802432
0.0763474
0.0716156
0.0740971
0.0735708
0.071557
0.0757533
0.0781115
0.0801855
0.0820859
0.0841548
0.0862438
0.0875824
0.0887153
0.0892449
0.0893899
0.0892356
0.0864829
0.0887057
0.0875656
0.0805181
0.08242
0.0848766
0.0786619
0.0760875
0.0718455
0.0717428
0.0749062
0.0778291
0.0804951
0.0828409
0.0848621
0.0865701
0.0879366
0.0889421
0.0895462
0.0897621
0.0896221
0.089094
0.0868618
0.0881659
0.0852015
0.0808449
0.0831893
0.0781876
0.0752465
0.0720449
0.0760722
0.0788899
0.0719851
0.0786576
0.0807602
0.0827018
0.0848487
0.0872445
0.0882997
0.0892917
0.089837
0.0901794
0.0900077
0.0894474
0.0887495
0.0872417
0.0855429
0.0839502
0.0811589
0.0764363
0.0723045
0.0752675
0.0827445
0.0787108
0.0721982
0.0825431
0.0769851
0.0794743
0.0847603
0.0862886
0.0878868
0.0893192
0.0901046
0.0904602
0.0905187
0.089884
0.0884403
0.0866286
0.0847319
0.0814723
0.0748467
0.072508
0.078514
0.0723849
0.0842289
0.0756315
0.0823661
0.0786414
0.0858955
0.0876447
0.0900481
0.0890354
0.090707
0.0907796
0.0909428
0.0892829
0.0902376
0.0879603
0.0846131
0.0862513
0.0827772
0.0803872
0.0751563
0.0727257
0.0747177
0.0777001
0.072608
0.086218
0.0845796
0.0770006
0.0789074
0.0811346
0.0880066
0.0891648
0.0906304
0.0910752
0.0913234
0.0912068
0.0906189
0.0896964
0.0880279
0.0845138
0.0862241
0.0820924
0.0801267
0.0729555
0.0751082
0.0774176
0.0728061
0.0761204
0.0865954
0.0819602
0.0844248
0.0791983
0.0883744
0.089782
0.0908213
0.0914896
0.0917436
0.0915658
0.0910115
0.0900866
0.0887239
0.0869847
0.0848835
0.0824156
0.0796316
0.0731749
0.0765463
0.0773416
0.0730675
0.0884124
0.0869091
0.0847642
0.0822799
0.0794701
0.0899407
0.0921207
0.0913982
0.0918818
0.092037
0.091441
0.0904602
0.0891011
0.0877346
0.08523
0.0832698
0.0778
0.0805255
0.0734438
0.0757876
0.0770774
0.0753776
0.0732611
0.0900204
0.0887565
0.0872876
0.0851019
0.081489
0.0777459
0.0912418
0.0925472
0.0923604
0.0919308
0.0922194
0.0916642
0.0908406
0.0897842
0.0884677
0.0869031
0.0830632
0.0851001
0.0802384
0.073666
0.077297
0.0756684
0.0734795
0.0909411
0.0897851
0.0867986
0.088404
0.0839517
0.0800401
0.0770123
0.0920349
0.092949
0.092867
0.0925119
0.0916928
0.0907469
0.0892047
0.0876884
0.0859321
0.0834171
0.0805412
0.0775011
0.0739071
0.0737219
0.0915774
0.0923975
0.0857641
0.0901906
0.0875902
0.0837475
0.0809231
0.078833
0.0931162
0.0932039
0.0933731
0.0927908
0.0916753
0.0899428
0.0884659
0.0867606
0.0837533
0.0816563
0.0793777
0.0741729
0.0739185
0.0773906
0.0917169
0.092834
0.0861133
0.0902337
0.08834
0.0835222
0.0806142
0.0935127
0.0937876
0.0936436
0.0930517
0.0920588
0.0906697
0.0888765
0.0866611
0.0840862
0.0811717
0.074384
0.0779285
0.0932387
0.0786733
0.0741934
0.0924076
0.0864493
0.088718
0.0902728
0.0832825
0.0809059
0.0939109
0.0942049
0.0940605
0.093505
0.0922419
0.0910686
0.0892287
0.087496
0.0849815
0.0825565
0.079886
0.0746615
0.0771413
0.0788975
0.085082
0.0941067
0.0934391
0.0766159
0.0743981
0.0925004
0.0910031
0.0868015
0.0890823
0.0830161
0.0797554
0.0945635
0.0946213
0.0941896
0.0933551
0.0923816
0.0896228
0.0911401
0.0873946
0.084789
0.0815449
0.074919
0.0778496
0.0851623
0.0947637
0.0940462
0.0929076
0.0769061
0.0746269
0.0917309
0.0902866
0.0871649
0.0800884
0.0827389
0.0948966
0.0950599
0.0943284
0.0933265
0.0918888
0.0900552
0.0867785
0.0841002
0.0816408
0.0751641
0.0789447
0.0849928
0.0954632
0.0946473
0.0952806
0.0933444
0.0772018
0.0802393
0.0748635
0.091787
0.0879948
0.0898359
0.0824283
0.0848227
0.0937159
0.0953662
0.0945897
0.0926201
0.0904542
0.0854936
0.088172
0.0833498
0.0803774
0.0754419
0.0821061
0.0959358
0.0948813
0.0956194
0.093746
0.0750913
0.0787451
0.0878513
0.0921882
0.0902085
0.0851589
0.0756809
0.095767
0.0941706
0.095198
0.0927193
0.0908314
0.0885634
0.0858779
0.0828138
0.0838658
0.0794123
0.0800962
0.0831345
0.0962615
0.096047
0.0963345
0.0953311
0.0941573
0.0925588
0.0753721
0.0882336
0.0905951
0.0854916
0.0759839
0.0957731
0.0946308
0.0931481
0.0889257
0.0908973
0.0862475
0.0841302
0.081465
0.0786018
0.0779099
0.0809022
0.0834422
0.0966448
0.0967892
0.0960219
0.0966292
0.0952013
0.0940953
0.0917054
0.0755973
0.0886202
0.0858254
0.0762382
0.0960548
0.0952498
0.0941181
0.091686
0.0893623
0.086616
0.0831382
0.0791861
0.0784783
0.0825306
0.0968567
0.0972155
0.0971241
0.0966211
0.0950112
0.0933849
0.0913677
0.0758559
0.0889474
0.0861804
0.0765275
0.0962934
0.0954792
0.0939987
0.0920683
0.0903734
0.0884235
0.0854986
0.0821941
0.0796529
0.0800389
0.0788787
0.0815828
0.0841087
0.0968131
0.0973989
0.0976839
0.0965936
0.0973612
0.0956216
0.0943701
0.0924822
0.0901848
0.0760919
0.0865391
0.0767953
0.0944387
0.0959219
0.0925419
0.0901637
0.0873874
0.0837455
0.0826552
0.0798783
0.0790965
0.0818158
0.0843508
0.0965782
0.0973956
0.0980037
0.098099
0.0970173
0.0977987
0.095839
0.0938895
0.0896959
0.0921537
0.0763698
0.0868761
0.077104
0.0929336
0.0949135
0.0910018
0.0877819
0.0855146
0.0823558
0.0814915
0.084606
0.0968246
0.097873
0.0984318
0.0985669
0.0982406
0.0974832
0.0962464
0.0946186
0.0925568
0.0901073
0.076603
0.0804711
0.0872357
0.0773704
0.0813353
0.095322
0.0934061
0.0910002
0.0881719
0.084949
0.0828206
0.0840229
0.0819091
0.097278
0.0983228
0.0988263
0.0990333
0.0986863
0.0979179
0.0969693
0.0950457
0.0929659
0.0910136
0.0882004
0.0769056
0.0843791
0.0777176
0.0804885
0.0938048
0.0954292
0.0919366
0.0891871
0.0861695
0.0850008
0.0991305
0.0809335
0.0962624
0.0982178
0.0991889
0.099506
0.0991594
0.0983553
0.096529
0.0946726
0.0919275
0.0879956
0.0771503
0.0847036
0.0780054
0.080908
0.0847808
0.0942898
0.0918577
0.0889998
0.0811611
0.0955646
0.0970226
0.0982116
0.099529
0.0999261
0.0999023
0.0995938
0.0983556
0.097243
0.0958832
0.0928288
0.0901386
0.087712
0.0774314
0.0850415
0.0783126
0.08128
0.0845449
0.0874702
0.0938004
0.0911924
0.0813774
0.0802859
0.0951829
0.0971624
0.0984015
0.0995357
0.100353
0.100381
0.0992297
0.100143
0.0979888
0.0966768
0.0941969
0.0916557
0.0887077
0.0860871
0.0777113
0.0830937
0.078641
0.084182
0.0898271
0.087202
0.0921919
0.0931898
0.0956542
0.0976416
0.0991223
0.100718
0.100172
0.100861
0.0996672
0.100491
0.0984331
0.0967294
0.0945775
0.0779685
0.0920616
0.089124
0.0857502
0.0820273
0.0789324
0.0831254
0.0869105
0.0902934
0.0906947
0.0936781
0.096561
0.0980974
0.0996223
0.101286
0.101186
0.100796
0.10105
0.0988509
0.0999389
0.0975433
0.0950408
0.0783047
0.0919168
0.0894732
0.0868204
0.083535
0.0793012
0.0822489
0.0854589
0.0882082
0.0965965
0.0911799
0.0940991
0.0982314
0.0995502
0.101125
0.101756
0.101686
0.101388
0.100557
0.0993169
0.0976094
0.0944839
0.0923058
0.0785664
0.0811372
0.0898932
0.086489
0.0843438
0.0796464
0.0874661
0.0916214
0.0891836
0.0970766
0.0946259
0.0990887
0.10104
0.101971
0.102116
0.102232
0.101399
0.100311
0.0991097
0.0972325
0.0943891
0.0915397
0.0788702
0.0828605
0.0889604
0.0856167
0.0799759
0.0831526
0.0864911
0.0950626
0.0921136
0.0896526
0.0975988
0.0998827
0.101037
0.102571
0.102063
0.102274
0.102671
0.101662
0.100497
0.0980878
0.0963167
0.0942785
0.0913312
0.0791715
0.0818959
0.085445
0.0885394
0.0803346
0.0831416
0.0868177
0.0806829
0.0890837
0.0955905
0.0925886
0.0980586
0.100055
0.101548
0.10305
0.102516
0.103103
0.102751
0.1019
0.0989225
0.100616
0.091112
0.0967942
0.0941519
0.0794705
0.0837365
0.0876388
0.0851176
0.0853207
0.0811116
0.0875919
0.0904695
0.0981231
0.0960748
0.0930537
0.100564
0.102028
0.103008
0.103538
0.103563
0.102534
0.103155
0.101363
0.0994009
0.0915464
0.0972122
0.0946166
0.0798551
0.0880345
0.0846816
0.082845
0.0814822
0.0935698
0.0897608
0.0990939
0.0966362
0.101084
0.10297
0.103829
0.103897
0.104037
0.102763
0.103469
0.101516
0.0884431
0.0981304
0.0998083
0.0919944
0.0961619
0.0801463
0.0845068
0.085229
0.0818707
0.0887804
0.0941049
0.0915878
0.0971227
0.0996326
0.101564
0.103002
0.104405
0.10394
0.104032
0.104456
0.103231
0.101965
0.08888
0.0981084
0.100275
0.09241
0.0955122
0.08052
0.0850754
0.0852539
0.0822876
0.0885027
0.0921245
0.0946624
0.0976771
0.100577
0.102053
0.103248
0.104267
0.104889
0.104868
0.104487
0.103657
0.102396
0.100705
0.0900811
0.0959489
0.0986066
0.0935328
0.0808782
0.0874619
0.0873963
0.0826927
0.0915691
0.0897525
0.0892001
0.0951914
0.100692
0.098234
0.102626
0.103989
0.104866
0.105287
0.105293
0.104078
0.104895
0.101165
0.102881
0.0933415
0.099044
0.0964693
0.0811859
0.0856902
0.0831996
0.0929318
0.0869946
0.0880989
0.091037
0.0903364
0.0957269
0.0983414
0.101654
0.103159
0.104657
0.105322
0.10569
0.105731
0.105398
0.104358
0.103282
0.101969
0.0938305
0.0969196
0.0991412
0.0816041
0.0847882
0.0836123
0.0933376
0.100133
0.0873955
0.103404
0.0884433
0.091498
0.0909375
0.0937836
0.0960415
0.0984416
0.101843
0.104618
0.105783
0.106153
0.106106
0.105694
0.104902
0.103739
0.101482
0.0943012
0.0969455
0.0992189
0.0819738
0.0855705
0.0841041
0.0877767
0.103688
0.0858947
0.0905256
0.0881918
0.0929846
0.0969553
0.0999966
0.102402
0.104905
0.1059
0.106425
0.106551
0.106412
0.10607
0.105275
0.104153
0.10259
0.100528
0.0948396
0.097945
0.0823831
0.084569
0.103959
0.0895071
0.0862195
0.0925296
0.0885718
0.0920426
0.0956358
0.0986599
0.102987
0.101066
0.105226
0.106108
0.10665
0.106905
0.106836
0.106434
0.103028
0.105708
0.10459
0.101409
0.0994037
0.0953883
0.0827688
0.085101
0.104372
0.0862397
0.0899
0.092918
0.0918208
0.0956381
0.0982096
0.101286
0.103311
0.106458
0.105592
0.107007
0.106741
0.107312
0.10712
0.106064
0.10356
0.105226
0.101949
0.0985823
0.0959061
0.083217
0.085565
0.0906537
0.0896116
0.0933326
0.0951218
0.0926394
0.0989432
0.101975
0.104284
0.10592
0.107474
0.106984
0.107605
0.107077
0.107466
0.106424
0.104035
0.105461
0.102145
0.0996009
0.0965105
0.0884405
0.0836094
0.0861713
0.0927614
0.0963435
0.0902871
0.0903123
0.0996003
0.0958107
0.102706
0.104632
0.106795
0.107443
0.107923
0.107871
0.107732
0.107366
0.106761
0.104569
0.105853
0.100765
0.102682
0.0971251
0.0933724
0.0841257
0.0866638
0.0875406
0.0910845
0.100373
0.0965794
0.103456
0.105728
0.107821
0.107157
0.108179
0.108192
0.107931
0.107554
0.106267
0.107054
0.10412
0.105354
0.100931
0.0977564
0.0894521
0.0938887
0.084534
0.0871811
0.0927715
0.0974003
0.101195
0.105318
0.107443
0.108506
0.108569
0.10836
0.10807
0.107741
0.107313
0.106727
0.103128
0.105063
0.0983684
0.101011
0.0945056
0.0899943
0.0849624
0.0877222
0.103492
0.0886694
0.0957638
0.0991747
0.101998
0.105676
0.107335
0.108584
0.108507
0.108973
0.108847
0.108194
0.107828
0.10756
0.107108
0.106461
0.102346
0.104345
0.0991406
0.0951276
0.0853959
0.0881347
0.0936685
0.0922438
0.0986373
0.102843
0.106126
0.108337
0.109519
0.109335
0.108542
0.109148
0.108067
0.107829
0.107764
0.107567
0.106895
0.105502
0.10323
0.0998706
0.0957144
0.0857309
0.0909485
0.0886235
0.0968571
0.0930754
0.100582
0.103816
0.107715
0.109315
0.110245
0.110116
0.109337
0.108461
0.107793
0.107724
0.107866
0.108007
0.107835
0.106095
0.104101
0.101445
0.0978493
0.0937816
0.0897645
0.0861131
0.0889395
0.0935115
0.099737
0.106429
0.10487
0.109526
0.111201
0.110764
0.108958
0.108041
0.107475
0.107417
0.107919
0.108505
0.108297
0.107168
0.105179
0.101531
0.0969252
0.0917742
0.0863417
0.0891461
0.0936431
0.0981364
0.102317
0.10591
0.109773
0.112006
0.112393
0.111342
0.109555
0.107824
0.106969
0.106749
0.10743
0.10936
0.108339
0.109312
0.107574
0.105038
0.0938163
0.0996071
0.0864852
0.0891132
0.0972954
0.103067
0.10712
0.111533
0.0901843
0.113942
0.11355
0.112023
0.107529
0.110025
0.10584
0.105949
0.107996
0.110766
0.109548
0.110638
0.107968
0.103556
0.097964
0.0863524
0.0888611
0.0950703
0.101892
0.108452
0.115883
0.113424
0.0940373
0.0983542
0.115534
0.112914
0.106048
0.109253
0.104482
0.105089
0.110165
0.107299
0.112372
0.109606
0.112335
0.104855
0.0983621
0.0860065
0.0918721
0.0881476
0.092056
0.109804
0.104467
0.114876
0.118784
0.0947419
0.113782
0.117082
0.109773
0.103981
0.102658
0.10305
0.105951
0.110944
0.114159
0.11503
0.0937777
0.111222
0.106129
0.098704
0.0851161
0.0867223
0.101036
0.111726
0.118906
0.121993
0.120434
0.105578
0.0901882
0.115045
0.108158
0.100743
0.100127
0.103685
0.108306
0.113018
0.116799
0.118114
0.090779
0.114785
0.107647
0.0985783
0.0836063
0.0847324
0.0955652
0.107404
0.123974
0.117681
0.126195
0.124936
0.119818
0.0883494
0.112667
0.102124
0.097139
0.0963018
0.0991271
0.104737
0.113325
0.121883
0.12113
0.0882632
0.109714
0.0983614
0.0814863
0.0811183
0.0908458
0.115713
0.104124
0.131645
0.128283
0.130748
0.115887
0.105456
0.116919
0.083413
0.0968728
0.0771577
0.0910127
0.0938895
0.102753
0.111867
0.128318
0.122851
0.125478
0.0966179
0.10875
0.077609
0.0838967
0.0984974
0.116642
0.126389
0.131277
0.127515
0.118962
0.10264
0.0871156
0.0896944
0.0711005
0.0853303
0.0883348
0.0999562
0.115158
0.127139
0.124219
0.1108
0.123279
0.0946145
0.0734358
0.0799493
0.0837837
0.0728044
0.0981847
0.108759
0.114906
0.118145
0.114831
0.0950493
0.106464
0.0815468
0.0791068
0.0661227
0.0778026
0.0821443
0.0925183
0.103387
0.113601
0.112029
0.112926
0.102445
0.0866435
0.066758
0.0657942
0.0779586
0.100345
0.090348
0.0978597
0.100204
0.0921113
0.081884
0.0741446
0.0710639
0.0691388
0.0624864
0.072406
0.0791583
0.0888286
0.0943042
0.0897574
0.0947086
0.0965319
0.0817461
0.0664134
0.0616557
0.0621846
0.0649262
0.0703879
0.0813538
0.0769574
0.0800463
0.0769759
0.0704103
0.0673478
0.0662907
0.0662175
0.060639
0.0672716
0.0628313
0.0691955
0.0732702
0.0688627
0.0768633
0.0740293
0.0759948
0.0634205
0.0602601
0.0582112
0.0613687
0.0644907
0.068773
0.0658917
0.0673506
0.0683774
0.0673259
0.0647129
0.06594
0.0638442
0.0634906
0.057552
0.059975
0.063555
0.0626997
0.0638494
0.0640278
0.0591419
0.0610676
0.0623439
0.0634553
0.0568038
0.0561176
0.0598156
0.0617795
0.0608562
0.0637956
0.0650547
0.0645943
0.0652203
0.0647239
0.0640827
0.0633719
0.0627668
0.0621388
0.0616323
0.0626386
0.0568979
0.0611561
0.0599534
0.0607602
0.057931
0.0589742
0.0558912
0.0551412
0.0598781
0.0609757
0.0632415
0.0625756
0.0622772
0.063771
0.0641557
0.0642419
0.0639787
0.0635271
0.0624371
0.0629528
0.0618598
0.0609026
0.0603536
0.0558445
0.0565855
0.0597181
0.0571033
0.0587404
0.0577881
0.0547051
0.0611198
0.0624523
0.0600684
0.0632244
0.0634153
0.0637863
0.064076
0.0641194
0.0639209
0.0635292
0.0629889
0.0623388
0.0616122
0.0608514
0.0600459
0.055353
0.0560442
0.0589508
0.0567858
0.0582613
0.0575962
0.0545617
0.063652
0.0626836
0.0613106
0.0602908
0.063956
0.0641234
0.0642196
0.0642208
0.0640822
0.0638276
0.0633394
0.0627136
0.0619942
0.0612075
0.0603815
0.059536
0.0632015
0.0550634
0.0564032
0.0555485
0.058695
0.0570556
0.0578648
0.0544865
0.064054
0.0625738
0.0605376
0.0614395
0.0643868
0.0644611
0.0644256
0.0641686
0.0638128
0.0633483
0.0624305
0.0616378
0.0608004
0.0596508
0.0589311
0.0634195
0.0550047
0.0560622
0.0549633
0.0555011
0.0582221
0.0566023
0.0573953
0.0544414
0.0647489
0.0642452
0.0634184
0.0607734
0.0622682
0.0649473
0.0646909
0.064633
0.0643429
0.0638725
0.0632404
0.0626278
0.0616831
0.0609645
0.0600816
0.0590519
0.0581878
0.0558301
0.0551018
0.06289
0.057489
0.0565531
0.0544009
0.0650531
0.0646949
0.0639406
0.0610756
0.0621974
0.0652159
0.0648654
0.0645495
0.0640255
0.0633485
0.0625733
0.0617248
0.0608332
0.0599273
0.05903
0.0581557
0.0559726
0.0553004
0.063482
0.0573124
0.0565127
0.0550412
0.0543686
0.0654998
0.0651266
0.064645
0.0613599
0.0627912
0.0653455
0.0650985
0.0641658
0.0647314
0.0634671
0.0624771
0.0617643
0.0608466
0.0597365
0.0588278
0.058122
0.055754
0.0638546
0.0656063
0.0572751
0.0564692
0.0559012
0.0553591
0.054326
0.0657697
0.0655766
0.0650392
0.0616543
0.0640726
0.063037
0.0655847
0.0649326
0.0643356
0.0632438
0.0623568
0.0612369
0.0604772
0.058263
0.0597236
0.0589838
0.0575683
0.06584
0.0569028
0.0562685
0.055666
0.0549798
0.0542903
0.0659014
0.066083
0.0660812
0.0656355
0.0651605
0.062005
0.0641945
0.0653249
0.06489
0.064169
0.0631487
0.0618339
0.0608604
0.0598943
0.0580464
0.0589513
0.0571843
0.0563757
0.055618
0.0549117
0.0542527
0.0660762
0.0664047
0.0623171
0.0664115
0.0660166
0.0652226
0.0639951
0.0655129
0.063769
0.0646213
0.062836
0.0620534
0.0600691
0.0608601
0.059104
0.0578211
0.0571381
0.056483
0.0546594
0.0557148
0.064753
0.0550761
0.0542093
0.0664449
0.0667168
0.0667533
0.0627312
0.066525
0.0650675
0.0659683
0.0640255
0.065566
0.0638669
0.0628866
0.0618703
0.0598454
0.0608495
0.0588742
0.0579538
0.0570825
0.0562711
0.0662063
0.0555153
0.0639415
0.0647078
0.0541708
0.0548175
0.0668164
0.0671488
0.0670283
0.0631109
0.0666174
0.0656558
0.0647779
0.0650175
0.0659049
0.0631363
0.0618832
0.0608361
0.0598108
0.0586386
0.0577199
0.0570261
0.0560599
0.0550097
0.055463
0.0640245
0.0541197
0.0674015
0.0673478
0.0668461
0.0675512
0.0660778
0.0635602
0.066956
0.0656031
0.0651425
0.0625345
0.061454
0.0606027
0.0597763
0.05878
0.0578444
0.0571385
0.056472
0.0554019
0.0547401
0.0636526
0.0540756
0.0545726
0.062767
0.0677831
0.0679743
0.0670978
0.0676288
0.0662495
0.0654588
0.0640467
0.0672934
0.0665221
0.064148
0.0607847
0.0618793
0.0597283
0.05797
0.0587277
0.0572515
0.0565729
0.0556371
0.0549998
0.0630037
0.0540301
0.0544121
0.0620897
0.0683089
0.0683954
0.0673536
0.0680159
0.0664164
0.0653376
0.0644951
0.0664094
0.0676669
0.0641856
0.0630076
0.0605288
0.0586704
0.0594719
0.057903
0.0560312
0.0566713
0.0552849
0.0548049
0.0677079
0.0539796
0.0607085
0.0618378
0.0688404
0.0688938
0.0675865
0.0682736
0.066564
0.0651831
0.0651156
0.0669029
0.0687481
0.0629998
0.0639712
0.062041
0.0596248
0.0586018
0.0576531
0.0567776
0.055962
0.0552222
0.0545494
0.0682999
0.0539341
0.0547281
0.060431
0.0693949
0.0669337
0.0692935
0.0678068
0.0687067
0.0659832
0.0642338
0.0657139
0.0678109
0.0694663
0.0629812
0.0617614
0.0595635
0.0585403
0.0577699
0.0567002
0.0558945
0.0551584
0.0538729
0.057194
0.0542596
0.0605982
0.0663145
0.0700014
0.0680013
0.0695145
0.0688435
0.0647589
0.063463
0.0663971
0.0688455
0.0701001
0.0612345
0.0624517
0.0590758
0.0578815
0.0566313
0.0559809
0.0553781
0.0546338
0.0538261
0.0541893
0.0673612
0.059862
0.0706144
0.0707136
0.0655639
0.0666369
0.0702197
0.0681981
0.069337
0.064222
0.063171
0.0672324
0.0700823
0.0604713
0.0616557
0.0583915
0.0574363
0.0565596
0.0557545
0.0550262
0.0543361
0.0537722
0.0593564
0.0712784
0.0712407
0.0706404
0.0655722
0.0669801
0.0696293
0.0683605
0.0628634
0.0641931
0.0615945
0.0680315
0.0702448
0.0585226
0.0603932
0.0573598
0.0564769
0.0555279
0.0545998
0.0537107
0.0592819
0.064431
0.0719081
0.0718894
0.0721575
0.0708554
0.0655613
0.0673008
0.0698552
0.0684617
0.0630607
0.0612752
0.0603227
0.0691814
0.0711067
0.0582409
0.0591992
0.0564091
0.0572813
0.055606
0.0548834
0.0542395
0.0536604
0.071691
0.0725699
0.0646562
0.072626
0.0735574
0.0627339
0.0709139
0.0664102
0.0676175
0.0694485
0.0614479
0.0604778
0.0595576
0.0705411
0.0572058
0.0579627
0.0580788
0.054402
0.0564899
0.0553783
0.0548124
0.0535894
0.0734613
0.0723543
0.065473
0.0634699
0.0738729
0.0750052
0.0586122
0.0618755
0.0701695
0.0666821
0.0679315
0.0606379
0.059703
0.0721799
0.0571201
0.0574138
0.0562485
0.0539478
0.0554506
0.0547332
0.053535
0.0750964
0.065412
0.0719165
0.0736229
0.0639556
0.062581
0.0749714
0.0762969
0.0705579
0.0579156
0.0587412
0.0615408
0.0688808
0.06694
0.059846
0.0750558
0.0566804
0.0567765
0.0558385
0.0540644
0.0549349
0.0543311
0.0534706
0.077875
0.0653333
0.072
0.056875
0.073875
0.063875
0.0625
0.0758333
0.0702083
0.0578333
0.058875
0.0612083
0.0685
0.066875
0.06
0.08
0.0560836
0.056
0.0552951
0.0537885
0.0542388
0.0547183
0.0534037
0.0552083
0.053875
0.0545
0.0533333
