-0
-0.023523
-0.046109
-0.067852
-0.088826
-0.10908
-0.12866
-0.14759
-0.16585
-0.18345
-0.20034
-0.21648
-0.23178
-0.24614
-0.25944
-0.27149
-0.2821
-0.291
-0.29789
-0.30237
-0.30397
-0
0.0049697
0.0092833
0.013098
0.016531
0.019666
0.022567
0.025279
0.027835
0.030256
0.032557
0.034743
0.036815
0.038768
0.040588
0.042258
0.043749
0.045024
0.046032
0.046706
0.046954
-0
-0.0020049
-0.0035863
-0.0048932
-0.0060212
-0.0070314
-0.0079633
-0.0088425
-0.0096853
-0.010502
-0.011299
-0.01208
-0.012846
-0.013596
-0.014326
-0.015029
-0.015695
-0.016302
-0.016821
-0.017198
-0.017349
-0
0.00097535
0.0016557
0.0021716
0.0025943
0.0029631
0.0032995
0.0036157
0.0039181
0.0042105
0.0044945
0.0047709
0.0050395
0.0052998
0.0055501
0.0057884
0.0060109
0.0062122
0.0063828
0.0065071
0.0065575
-0
-0.00059493
-0.00097523
-0.0012528
-0.0014804
-0.0016831
-0.001873
-0.002056
-0.002235
-0.0024115
-0.002586
-0.0027591
-0.0029306
-0.0031007
-0.0032688
-0.0034342
-0.0035955
-0.0037495
-0.0038894
-0.0040006
-0.00405
